[[[[1.45152760e+02 1.85026515e+02 2.79733687e+02]
   [1.65876768e+02 1.95289669e+02 3.19675814e+02]
   [1.70932155e+02 1.95673454e+02 2.86518750e+02]
   ...
   [1.29955944e+02 1.65058338e+02 2.43294770e+02]
   [9.87192166e+01 1.55268575e+02 2.15572866e+02]
   [1.14729114e+02 1.34712427e+02 2.22434404e+02]]

  [[1.60190889e+02 1.63666665e+02 2.84742276e+02]
   [1.81086617e+02 1.74388777e+02 3.29824002e+02]
   [2.06633977e+02 2.00034669e+02 3.53049831e+02]
   ...
   [1.29057645e+02 1.59349569e+02 1.97398325e+02]
   [1.19349784e+02 1.70415275e+02 2.72155528e+02]
   [1.25060091e+02 1.55019012e+02 2.38387183e+02]]

  [[1.13562468e+02 1.33061206e+02 2.00970563e+02]
   [1.64964279e+02 1.84725097e+02 2.90553176e+02]
   [1.60226722e+02 1.84990056e+02 3.13288689e+02]
   ...
   [1.13522749e+02 1.33257063e+02 1.57676885e+02]
   [1.34438677e+02 1.69979892e+02 2.83146552e+02]
   [1.19243700e+02 1.65212311e+02 2.50107080e+02]]

  ...

  [[2.97821380e+02 3.02450470e+02 5.49655466e+02]
   [2.97300458e+02 2.95204730e+02 5.25684331e+02]
   [2.96849985e+02 2.83405457e+02 4.96979364e+02]
   ...
   [1.41547196e+03 1.41134263e+03 1.70755569e+03]
   [1.39760222e+03 1.38985765e+03 1.66722672e+03]
   [1.40125761e+03 1.38019258e+03 1.65991466e+03]]

  [[3.44603215e+02 3.48234345e+02 6.13809425e+02]
   [3.32277093e+02 3.35751941e+02 5.75583515e+02]
   [3.08454658e+02 3.00732935e+02 5.19618962e+02]
   ...
   [1.39091061e+03 1.37466183e+03 1.64768912e+03]
   [1.39472398e+03 1.37502258e+03 1.64769675e+03]
   [1.37931710e+03 1.35835681e+03 1.61364965e+03]]

  [[3.16958912e+02 3.20575860e+02 5.38643363e+02]
   [3.28744772e+02 3.37495194e+02 6.65168342e+02]
   [3.04380446e+02 2.96256454e+02 5.80024431e+02]
   ...
   [1.41408368e+03 1.41341386e+03 1.71116939e+03]
   [1.42649579e+03 1.42305322e+03 1.72496188e+03]
   [1.37348432e+03 1.36858837e+03 1.62723378e+03]]]


 [[[2.79143625e-01 1.21998856e-01 3.75832639e-01]
   [3.31122093e-01 1.44873642e-01 2.07871908e-03]
   [4.69731342e-01 3.43601562e-02 1.43750000e-01]
   ...
   [1.73426179e-02 1.33935545e-01 1.65785025e-01]
   [4.85748630e-01 3.64565801e-02 1.87299118e-01]
   [4.71625103e-01 2.67466003e-01 1.47986583e-02]]

  [[3.66657398e-01 4.52422429e-01 1.84293847e-01]
   [1.72607741e-02 6.84653197e-02 5.22970166e-01]
   [4.39397729e-01 4.49661686e-01 8.31028119e-02]
   ...
   [4.24247565e-01 8.38742137e-02 1.00391172e-01]
   [3.39467370e-01 1.91426216e-02 2.29258878e-01]
   [1.31471248e-01 2.12882880e-01 4.91180934e-01]]

  [[2.74254522e-01 4.09079536e-01 1.08106645e+01]
   [3.83032133e-01 7.99132117e-02 1.07523176e+01]
   [2.87409065e-02 7.24031529e-02 1.07704083e+01]
   ...
   [2.06934527e-01 4.61308175e-01 3.22088344e-01]
   [3.49710419e-01 1.35658333e-01 2.66816144e-01]
   [4.45550923e-01 2.12682708e-01 4.21374914e-03]]

  ...

  [[5.24769157e+00 2.85100742e+01 7.59787172e+01]
   [2.84505248e+01 5.64621316e+01 1.37906799e+02]
   [6.84354628e+01 7.92324467e+01 1.79250504e+02]
   ...
   [3.93940330e+01 5.35297470e+00 6.26790239e+00]
   [5.04758226e+01 2.24749861e+01 2.03801414e+01]
   [7.33817707e+01 4.47430379e+01 4.04865881e+01]]

  [[1.37600883e+02 1.08123582e+02 1.18389022e+02]
   [1.37340745e+02 1.36573307e+02 1.86821357e+02]
   [1.31128106e+02 9.63285675e+01 1.45374942e+02]
   ...
   [1.36094906e+02 4.48709770e+01 2.70910743e+01]
   [1.58342972e+02 6.22077769e+01 3.39656507e+01]
   [1.47994962e+02 6.80099111e+01 4.79871397e+01]]

  [[3.91928005e+02 2.86215028e+02 2.72576026e+02]
   [2.82582943e+02 2.17232284e+02 1.75044301e+02]
   [2.92886996e+02 1.93587591e+02 1.60279803e+02]
   ...
   [9.07961107e+01 2.80064793e+01 2.03357400e+01]
   [1.25278910e+02 4.50902993e+01 1.34241463e+01]
   [6.28015771e+01 3.95969813e+01 2.74571212e+01]]]


 [[[3.60788323e+01 3.58791011e+01 2.20329289e+01]
   [5.68028400e+01 5.64282835e+01 5.04733780e+01]
   [5.14702342e+01 5.14676962e+01 8.41687500e+01]
   ...
   [4.67730406e+01 7.72999428e+01 1.13071683e+02]
   [1.51781933e+01 3.62013841e+01 3.95579945e+01]
   [4.66559500e+01 4.64563433e+01 1.02654064e+02]]

  [[3.58882725e+01 3.54486280e+01 2.77496836e+01]
   [3.62035147e+01 4.09802975e+01 2.74725360e+01]
   [3.57984429e+01 3.55347053e+01 5.59697438e+01]
   ...
   [6.69063366e+01 6.67753115e+01 9.58275568e+01]
   [2.04760545e+01 3.09689333e+01 2.24694734e+01]
   [6.76806250e+01 7.22286681e+01 1.07572841e+02]]

  [[3.59465210e+01 3.55252280e+01 2.75894791e+01]
   [2.54524852e+01 2.55874493e+01 2.75403692e+01]
   [3.09884454e+01 3.07713400e+01 2.75769794e+01]
   ...
   [3.59797829e+01 3.03967775e+01 5.61061164e+01]
   [4.83445832e+00 1.53293917e+01 5.40145122e+00]
   [3.07777319e+01 3.59740347e+01 4.54705670e+01]]

  ...

  [[2.92084641e+02 2.39672462e+02 2.64056250e+02]
   [2.85860035e+02 2.49729950e+02 2.62549577e+02]
   [2.74008533e+02 2.21019259e+02 2.27600548e+02]
   ...
   [3.93940330e+01 3.90967264e+01 4.70988094e+01]
   [3.92027983e+01 3.93562535e+01 6.12110484e+01]
   [3.93336723e+01 3.90843534e+01 4.73196180e+01]]

  [[2.92852632e+02 2.39612810e+02 2.43988561e+02]
   [2.29075497e+02 1.87790670e+02 1.72936994e+02]
   [2.62692967e+02 2.15564449e+02 2.07748945e+02]
   ...
   [3.95706214e+01 3.92122925e+01 3.39580151e+01]
   [3.35705766e+01 3.39143544e+01 4.76995324e+01]
   [3.96842180e+01 3.95881732e+01 4.11201988e+01]]

  [[2.59290379e+02 2.23220170e+02 2.09560078e+02]
   [2.47961570e+02 2.22959089e+02 2.17054933e+02]
   [2.81393547e+02 2.44922022e+02 2.44228728e+02]
   ...
   [3.37578536e+01 3.93622775e+01 1.34343782e+01]
   [3.39654445e+01 3.37021759e+01 2.72268700e+01]
   [4.56310608e+01 5.10046327e+01 2.74571212e+01]]]


 ...


 [[[7.24368081e+01 1.18167330e+02 1.62087689e+02]
   [5.68028400e+01 9.75723978e+01 1.45815907e+02]
   [5.66642308e+01 9.78195470e+01 1.40377083e+02]
   ...
   [5.19875804e+02 4.02522232e+02 3.67855985e+02]
   [5.42530903e+02 6.41891006e+02 6.64126895e+02]
   [6.01714056e+02 7.78462688e+02 8.61262883e+02]]

  [[8.76810296e+01 1.07250729e+02 1.33898798e+02]
   [1.03470669e+02 1.17946728e+02 1.50652763e+02]
   [9.79204554e+01 1.17784687e+02 1.45654298e+02]
   ...
   [5.17503323e+02 4.21643297e+02 3.94897042e+02]
   [3.48320525e+02 4.54472637e+02 4.70769436e+02]
   [5.16283723e+02 6.87981851e+02 7.67332131e+02]]

  [[2.04233315e+01 1.49913380e+01 1.64036027e+01]
   [4.61208992e+01 4.09878668e+01 4.43284207e+01]
   [7.75142249e+01 7.18963308e+01 7.23945025e+01]
   ...
   [3.51321177e+02 2.92690506e+02 2.53604833e+02]
   [2.64042895e+02 3.76180558e+02 4.02180167e+02]
   [2.44136832e+02 4.13349802e+02 4.66112289e+02]]

  ...

  [[3.26505075e+02 3.88056843e+02 2.29227077e+02]
   [3.25901514e+02 3.91838639e+02 2.27926583e+02]
   [3.25401800e+02 3.85491961e+02 2.69043443e+02]
   ...
   [5.92081071e+02 6.40860299e+02 4.62213031e+02]
   [5.74671450e+02 6.35827701e+02 4.49104665e+02]
   [5.44380465e+02 5.93635433e+02 3.61638990e+02]]

  [[3.27353020e+02 3.88252805e+02 2.30033057e+02]
   [3.26543671e+02 3.92660122e+02 2.35416627e+02]
   [3.19895080e+02 3.80223522e+02 2.70122949e+02]
   ...
   [2.55330787e+02 2.93853095e+02 1.71296832e+02]
   [3.68187454e+02 4.07387531e+02 2.88042462e+02]
   [5.01430019e+02 5.39810761e+02 3.70733360e+02]]

  [[3.28492619e+02 3.89297523e+02 2.30565394e+02]
   [3.28744772e+02 3.94763247e+02 2.31058477e+02]
   [3.15873895e+02 3.70406188e+02 2.58220216e+02]
   ...
   [5.07175387e+02 5.44695297e+02 4.06812002e+02]
   [3.36441298e+02 3.69651814e+02 2.34267725e+02]
   [2.17336224e+02 2.56342358e+02 1.58473313e+02]]]


 [[[1.34764767e+02 3.70175030e+02 2.29313973e+02]
   [1.65876768e+02 4.01010241e+02 2.63591973e+02]
   [1.96902138e+02 4.42883325e+02 3.03381250e+02]
   ...
   [3.11762462e+01 2.56773572e+01 1.11579617e+01]
   [2.56208212e+01 2.58477153e+01 1.11684991e+01]
   [2.57103610e+01 2.04986714e+01 1.13928528e+01]]

  [[1.44653062e+02 4.04716575e+02 2.45634708e+02]
   [1.81086617e+02 4.41205735e+02 2.79432091e+02]
   [2.16987646e+02 4.82768980e+02 3.25023408e+02]
   ...
   [1.03161267e+02 8.73473686e+01 1.68280702e+01]
   [9.33303812e+01 7.74510471e+01 1.11201073e+01]
   [8.85458854e+01 6.70542716e+01 1.08839792e+01]]

  [[1.80829623e+02 4.71870391e+02 2.90457575e+02]
   [2.01134003e+02 4.92733447e+02 3.12937245e+02]
   [2.27430626e+02 5.19130606e+02 3.35697451e+02]
   ...
   [2.68608680e+02 2.15545292e+02 7.30345778e+01]
   [2.58858726e+02 2.00909992e+02 6.77523923e+01]
   [2.49340712e+02 1.96229497e+02 6.25236097e+01]]

  ...

  [[2.06033557e+02 4.73663217e+02 4.45167948e+02]
   [1.88616442e+02 4.31629073e+02 3.94116954e+02]
   [1.76932361e+02 3.62806071e+02 3.31207785e+02]
   ...
   [3.15737552e+02 2.70983922e-01 5.37248777e-01]
   [3.15391892e+02 3.33704322e-02 3.53121262e-02]
   [3.17393143e+02 5.26438031e-01 5.11590817e-01]]

  [[1.83601401e+02 4.51138957e+02 4.25410117e+02]
   [1.83208121e+02 4.21114212e+02 3.81202436e+02]
   [1.54008952e+02 3.46156128e+02 3.11705617e+02]
   ...
   [3.17787677e+02 3.98498908e-01 3.76689120e-01]
   [3.17144201e+02 3.77525281e-02 3.69053530e-01]
   [3.24712490e+02 2.02259959e-01 8.14462962e-02]]

  [[1.67020726e+02 4.35111964e+02 3.98607923e+02]
   [1.84489054e+02 4.23397273e+02 3.85097461e+02]
   [1.37725432e+02 3.36183234e+02 2.93198935e+02]
   ...
   [3.30356790e+02 3.83016173e-01 6.53301634e+00]
   [3.30734206e+02 4.62194034e-01 6.52278453e+00]
   [3.37529838e+02 3.29798670e-01 6.77035410e+00]]]


 [[[9.34640236e+02 7.45615072e+02 6.43876062e+02]
   [9.24200265e+02 7.35306169e+02 6.33745322e+02]
   [9.08479666e+02 7.20994429e+02 6.18147917e+02]
   ...
   [7.12236269e+02 8.82612278e+02 1.20015137e+03]
   [6.88727694e+02 8.02372872e+02 1.02751244e+03]
   [1.35674703e+02 2.07393908e+02 3.13695615e+02]]

  [[9.62978624e+02 7.73984522e+02 6.64644370e+02]
   [9.72769281e+02 7.84989123e+02 6.76968278e+02]
   [9.83159134e+02 7.96347035e+02 6.89366911e+02]
   ...
   [7.60929281e+02 9.15372668e+02 1.23567729e+03]
   [7.12592158e+02 8.05670830e+02 1.02688838e+03]
   [1.87655872e+02 2.48158149e+02 3.52138785e+02]]

  [[1.01908186e+03 8.36346939e+02 7.15520879e+02]
   [1.01236925e+03 8.31542633e+02 7.15850481e+02]
   [1.01319935e+03 8.32708661e+02 7.11044206e+02]
   ...
   [3.56490708e+02 4.72696006e+02 7.27601752e+02]
   [7.72091432e+02 8.50442092e+02 1.05969918e+03]
   [2.12913549e+02 2.53094339e+02 3.46740989e+02]]

  ...

  [[5.15817462e+02 4.96491583e+02 5.56621301e+02]
   [5.14668489e+02 4.94156896e+02 5.53382726e+02]
   [5.13843781e+02 4.93249939e+02 5.52236557e+02]
   ...
   [3.15737552e+02 3.37166533e+02 2.92084252e+02]
   [1.10202377e+01 1.68478970e+01 3.39904437e+01]
   [2.94694410e+02 3.16359893e+02 2.65976572e+02]]

  [[5.17105158e+02 4.96874341e+02 5.57987408e+02]
   [5.15746598e+02 4.95094848e+02 5.54756971e+02]
   [5.14382266e+02 4.93781504e+02 5.54271186e+02]
   ...
   [3.23465576e+02 3.50439940e+02 2.94901767e+02]
   [5.21321415e+00 1.69383009e+01 2.70987099e+01]
   [2.96209663e+02 3.18121205e+02 2.53995365e+02]]

  [[5.18798778e+02 4.98106822e+02 5.59648679e+02]
   [5.19162320e+02 4.97845741e+02 5.60141762e+02]
   [5.17009257e+02 4.95890353e+02 5.59037199e+02]
   ...
   [3.36060616e+02 3.57324627e+02 3.10192937e+02]
   [2.25512614e+01 3.37021759e+01 4.10295936e+01]
   [2.86018289e+02 3.13380615e+02 2.41220381e+02]]]]
[[[[1.00327586e+03 1.00499227e+03 1.08179978e+03]
   [1.05142990e+03 1.06054294e+03 1.15826467e+03]
   [1.07672884e+03 1.08666983e+03 1.18754886e+03]
   ...
   [1.11687829e+03 1.12032947e+03 1.20620490e+03]
   [1.12570091e+03 1.12884230e+03 1.22343402e+03]
   [1.11818834e+03 1.12211821e+03 1.22534508e+03]]

  [[9.95750036e+02 9.97792235e+02 1.07371011e+03]
   [1.05143944e+03 1.05329939e+03 1.13979900e+03]
   [1.07649251e+03 1.07159508e+03 1.17677187e+03]
   ...
   [1.12179958e+03 1.12610970e+03 1.20150533e+03]
   [1.11548752e+03 1.11901695e+03 1.20908730e+03]
   [1.09343041e+03 1.09758209e+03 1.19539099e+03]]

  [[9.85491307e+02 9.80561291e+02 1.04046601e+03]
   [1.03534982e+03 1.03027076e+03 1.10061409e+03]
   [1.06263752e+03 1.05014872e+03 1.14753269e+03]
   ...
   [1.13473393e+03 1.13951232e+03 1.22566280e+03]
   [1.11346712e+03 1.11794915e+03 1.20110206e+03]
   [1.06354214e+03 1.06855853e+03 1.17190299e+03]]

  ...

  [[3.44523092e+02 3.70363101e+02 2.43524323e+02]
   [3.44861140e+02 3.70843531e+02 2.43426380e+02]
   [3.36602975e+02 3.62941077e+02 2.43189513e+02]
   ...
   [1.01492701e+03 9.94049232e+02 1.16534412e+03]
   [1.01014328e+03 9.87538714e+02 1.15584032e+03]
   [1.02522718e+03 1.00342399e+03 1.17388363e+03]]

  [[3.46083476e+02 3.72217534e+02 2.45064064e+02]
   [3.46245346e+02 3.72575395e+02 2.44432542e+02]
   [3.53430239e+02 3.79765384e+02 2.53037613e+02]
   ...
   [1.03187256e+03 1.01104242e+03 1.18434807e+03]
   [1.02545271e+03 1.00359934e+03 1.17372766e+03]
   [1.02684443e+03 1.00444196e+03 1.17378199e+03]]

  [[3.47177644e+02 3.73334807e+02 2.46402608e+02]
   [3.46893107e+02 3.73305138e+02 2.45749360e+02]
   [3.54112632e+02 3.80877440e+02 2.54820067e+02]
   ...
   [1.05031904e+03 1.02995924e+03 1.20994186e+03]
   [1.03612201e+03 1.01468938e+03 1.19036449e+03]
   [1.03632691e+03 1.01453431e+03 1.18928185e+03]]]


 [[[1.55994910e+03 1.59194740e+03 1.79499320e+03]
   [1.54796485e+03 1.56534047e+03 1.77336373e+03]
   [1.57150323e+03 1.58261584e+03 1.79345452e+03]
   ...
   [8.75430596e+01 9.51238737e+01 1.43761069e+02]
   [7.29635235e+01 7.30826938e+01 1.11795008e+02]
   [6.54509475e+01 5.85171848e+01 1.03788734e+02]]

  [[1.60355050e+03 1.60675818e+03 1.82697058e+03]
   [1.60639026e+03 1.62394008e+03 1.83340153e+03]
   [1.57115019e+03 1.59658993e+03 1.79704300e+03]
   ...
   [9.44147790e+01 1.02371129e+02 1.19091323e+02]
   [8.00810083e+01 7.28423454e+01 1.11065400e+02]
   [5.07323039e+01 5.82273984e+01 1.03475583e+02]]

  [[1.65727388e+03 1.66842059e+03 1.90492512e+03]
   [1.64069568e+03 1.66614815e+03 1.87437958e+03]
   [1.62316134e+03 1.64834310e+03 1.83296864e+03]
   ...
   [8.69764091e+01 1.09442815e+02 1.27330943e+02]
   [7.27400884e+01 6.57129483e+01 1.11344296e+02]
   [5.09697456e+01 5.11620406e+01 9.56231974e+01]]

  ...

  [[1.33942302e+03 1.35608753e+03 1.65881379e+03]
   [1.40359091e+03 1.40531731e+03 1.70557973e+03]
   [1.45715116e+03 1.48365628e+03 1.80783092e+03]
   ...
   [1.16442600e+03 1.13722908e+03 1.17474269e+03]
   [1.35750360e+03 1.33802846e+03 1.46599322e+03]
   [1.44329022e+03 1.37781076e+03 1.55892205e+03]]

  [[1.59749939e+03 1.62373554e+03 1.97987408e+03]
   [1.66922685e+03 1.71272429e+03 2.06991304e+03]
   [1.74383133e+03 1.79643641e+03 2.17596349e+03]
   ...
   [1.18945749e+03 1.14638238e+03 1.16554352e+03]
   [1.38051038e+03 1.33028446e+03 1.46485428e+03]
   [1.42980255e+03 1.36330357e+03 1.52125569e+03]]

  [[1.79977532e+03 1.83612628e+03 2.24770633e+03]
   [1.79039381e+03 1.83609661e+03 2.24305287e+03]
   [1.81016259e+03 1.84913939e+03 2.26544245e+03]
   ...
   [1.20829789e+03 1.15773570e+03 1.19103271e+03]
   [1.40788957e+03 1.34230285e+03 1.45498712e+03]
   [1.40819818e+03 1.33415721e+03 1.50078673e+03]]]


 [[[9.73977264e+02 9.46296752e+02 9.37558413e+02]
   [8.83484259e+02 8.92277094e+02 8.70685889e+02]
   [7.85685085e+02 7.51176948e+02 7.72981825e+02]
   ...
   [1.19718104e+03 1.23749583e+03 1.17425170e+03]
   [1.21342903e+03 1.23881726e+03 1.15945480e+03]
   [1.05970293e+03 1.13678857e+03 1.04108939e+03]]

  [[8.85906579e+02 8.87738148e+02 8.97415105e+02]
   [7.44756092e+02 7.53347227e+02 7.57121736e+02]
   [6.69127364e+02 6.04932993e+02 6.91688037e+02]
   ...
   [1.04164900e+03 1.08223519e+03 1.06620358e+03]
   [1.02069678e+03 1.05317379e+03 1.01812697e+03]
   [9.40306911e+02 1.00242990e+03 9.64255608e+02]]

  [[7.66431772e+02 7.68349379e+02 8.32355479e+02]
   [6.70683642e+02 6.35588246e+02 7.33673761e+02]
   [5.38511355e+02 4.37364243e+02 6.05560083e+02]
   ...
   [8.58242364e+02 9.13043140e+02 8.67511107e+02]
   [8.80577153e+02 9.27962060e+02 8.74970178e+02]
   [8.59570723e+02 9.36809347e+02 8.84895048e+02]]

  ...

  [[2.19181369e+02 9.43602600e+01 3.84115992e+02]
   [2.19382056e+02 9.44574062e+01 3.84018049e+02]
   [1.87718949e+02 6.30313752e+01 3.46249725e+02]
   ...
   [3.77589176e+02 1.82696732e+02 7.61205483e+02]
   [3.70684526e+02 1.59108398e+02 7.61100256e+02]
   [3.78412653e+02 1.59062319e+02 7.70062836e+02]]

  [[2.12284290e+02 8.70615313e+01 3.77060478e+02]
   [2.12372218e+02 8.70998900e+01 3.76168247e+02]
   [2.04178144e+02 7.90195787e+01 3.65599127e+02]
   ...
   [4.01532822e+02 1.83080272e+02 7.70647960e+02]
   [4.17909595e+02 1.98838432e+02 7.98080415e+02]
   [4.18456680e+02 1.98997024e+02 8.16917102e+02]]

  [[1.89286593e+02 6.32866154e+01 3.50735978e+02]
   [1.89133467e+02 7.12068995e+01 3.59340081e+02]
   [2.04572365e+02 7.92884998e+01 3.77534109e+02]
   ...
   [4.02605792e+02 1.67468165e+02 7.65576934e+02]
   [4.11236116e+02 1.99650991e+02 8.12332157e+02]
   [3.95442377e+02 1.75524204e+02 7.92821101e+02]]]


 ...


 [[[7.54237824e+02 5.06080403e+02 2.48405219e+02]
   [7.52048538e+02 5.04534059e+02 2.47598528e+02]
   [7.49304615e+02 5.03203945e+02 2.46800591e+02]
   ...
   [1.75146058e+02 7.37892230e-02 2.83220172e-02]
   [1.75312992e+02 2.33945612e-01 1.68633427e-01]
   [1.75111092e+02 1.64251080e-01 3.55783874e-01]]

  [[7.54094430e+02 5.06217312e+02 2.48328958e+02]
   [7.52058076e+02 5.04606413e+02 2.46885388e+02]
   [7.49145518e+02 5.02850661e+02 2.46365173e+02]
   ...
   [1.74565367e+02 2.72902347e-03 2.92574831e-01]
   [1.74871745e+02 3.16717721e-01 3.28125840e-01]
   [1.74689421e+02 3.27795450e-01 1.36827217e-01]]

  [[7.59129787e+02 5.12231554e+02 2.56049404e+02]
   [7.58203526e+02 5.11336344e+02 2.55055936e+02]
   [7.56897257e+02 5.10314777e+02 2.54871925e+02]
   ...
   [1.74289536e+02 1.39047708e-01 1.18812114e-02]
   [1.74629448e+02 5.18144136e-02 1.78117625e-02]
   [1.74809535e+02 7.37539761e-02 4.61178823e-02]]

  ...

  [[2.58350658e+02 3.12738964e+01 5.60687654e+01]
   [2.58594269e+02 3.12834347e+01 5.59708226e+01]
   [2.58242961e+02 3.14619330e+01 5.58073086e+01]
   ...
   [1.96616707e+02 7.69913434e+00 9.31965224e+00]
   [2.04898921e+02 1.57262275e+01 1.86129976e+01]
   [2.12765030e+02 2.36458249e+01 2.81595242e+01]]

  [[2.59507532e+02 3.16145308e+01 5.64977587e+01]
   [2.59621557e+02 3.15907640e+01 5.62386762e+01]
   [2.59165758e+02 3.15333989e+01 5.60549621e+01]
   ...
   [1.96672408e+02 7.93443419e+00 9.06366005e+00]
   [2.04874995e+02 1.55760464e+01 1.86123783e+01]
   [2.13027050e+02 2.35535714e+01 2.80578842e+01]]

  [[2.60337566e+02 3.14868009e+01 5.67055730e+01]
   [2.60125305e+02 3.14571313e+01 5.64314915e+01]
   [2.59666148e+02 3.16691935e+01 5.65896914e+01]
   ...
   [1.97233297e+02 7.74759509e+00 9.21110743e+00]
   [2.05577468e+02 1.58678246e+01 1.84642588e+01]
   [2.13462818e+02 2.37033272e+01 2.82182232e+01]]]


 [[[8.27484304e+02 4.18037134e+02 1.16193387e+03]
   [8.32370368e+02 4.24059090e+02 1.16625297e+03]
   [8.43893836e+02 4.37564033e+02 1.17957641e+03]
   ...
   [1.35778653e+03 5.05206114e+02 1.27809960e+03]
   [1.34502120e+03 4.90987538e+02 1.26342104e+03]
   [1.33750862e+03 4.83957595e+02 1.25738954e+03]]

  [[8.93229476e+02 4.76869556e+02 1.19391125e+03]
   [8.98097766e+02 4.75342788e+02 1.18763365e+03]
   [8.94633071e+02 4.73684280e+02 1.18472407e+03]
   ...
   [1.38411060e+03 5.33803814e+02 1.30497137e+03]
   [1.37069335e+03 5.19112630e+02 1.28865410e+03]
   [1.34863624e+03 4.97391352e+02 1.26712265e+03]]

  [[8.97867493e+02 4.75643293e+02 1.12050852e+03]
   [8.82190027e+02 4.67482731e+02 1.10859106e+03]
   [8.66090208e+02 4.51954350e+02 1.09174139e+03]
   ...
   [1.36029284e+03 4.96632062e+02 1.27341636e+03]
   [1.35363489e+03 4.96837504e+02 1.26473755e+03]
   [1.35492988e+03 4.97645393e+02 1.27554475e+03]]

  ...

  [[4.85532531e+02 5.83279578e+02 6.55926551e+02]
   [4.86025109e+02 5.84055685e+02 6.55828608e+02]
   [4.85487000e+02 5.83927173e+02 6.55430362e+02]
   ...
   [6.05771856e+02 6.67917345e+02 1.18414126e+03]
   [6.07521103e+02 6.60945993e+02 1.17463746e+03]
   [5.99276149e+02 6.44968562e+02 1.15510126e+03]]

  [[4.87753202e+02 5.86084536e+02 6.59909937e+02]
   [4.87993364e+02 5.86682024e+02 6.58459046e+02]
   [4.86971587e+02 5.85538829e+02 6.56383040e+02]
   ...
   [6.14272483e+02 6.76673089e+02 1.21255490e+03]
   [6.07273684e+02 6.68946291e+02 1.20190121e+03]
   [6.00182891e+02 6.61529762e+02 1.19256435e+03]]

  [[4.89279591e+02 5.87983555e+02 6.63736086e+02]
   [4.88876783e+02 5.87953886e+02 6.62248670e+02]
   [4.87911817e+02 5.87227768e+02 6.60720360e+02]
   ...
   [6.15877229e+02 6.78573987e+02 1.21939643e+03]
   [6.16894765e+02 6.79085338e+02 1.21871691e+03]
   [6.01158400e+02 6.62949123e+02 1.19872139e+03]]]


 [[[4.61251905e+02 5.06080403e+02 6.65102499e+02]
   [4.59969158e+02 5.04534059e+02 6.62990102e+02]
   [4.58260859e+02 5.03203945e+02 6.61367624e+02]
   ...
   [2.04347057e+02 2.26936022e+02 1.75714267e+02]
   [2.11866373e+02 2.27047636e+02 2.07763844e+02]
   [1.75111092e+02 1.90550415e+02 1.67877668e+02]]

  [[4.68501441e+02 5.13554251e+02 6.73039647e+02]
   [4.67280681e+02 5.11922319e+02 6.69424864e+02]
   [4.65444790e+02 5.10142256e+02 6.67831455e+02]
   ...
   [2.40143120e+02 2.55931915e+02 2.38475220e+02]
   [2.11329721e+02 2.26476378e+02 2.22458926e+02]
   [1.67397826e+02 1.82657185e+02 1.83177437e+02]]

  [[4.88956361e+02 5.34184510e+02 6.96283212e+02]
   [4.88350552e+02 5.33263150e+02 6.93788942e+02]
   [4.87554644e+02 5.32199937e+02 6.93232123e+02]
   ...
   [3.05259227e+02 3.13995625e+02 3.58139811e+02]
   [2.18296316e+02 2.26471257e+02 2.70433021e+02]
   [1.60240148e+02 1.60953029e+02 2.23182284e+02]]

  ...

  [[1.40842792e+02 1.57446624e+02 1.59169322e+02]
   [1.40957628e+02 1.57631378e+02 1.59071379e+02]
   [1.40702941e+02 1.57739702e+02 1.58867521e+02]
   ...
   [1.17933024e+02 1.19061242e+02 1.40899673e+02]
   [1.33847948e+02 1.35211369e+02 1.59591591e+02]
   [1.49661174e+02 1.51096643e+02 1.78418423e+02]]

  [[1.41449427e+02 1.58350532e+02 1.60209227e+02]
   [1.41498208e+02 1.58468766e+02 1.59745302e+02]
   [1.41335157e+02 1.58163212e+02 1.59236350e+02]
   ...
   [1.17879941e+02 1.19390877e+02 1.40695514e+02]
   [1.33863462e+02 1.35094994e+02 1.59480096e+02]
   [1.49817933e+02 1.51148810e+02 1.78316783e+02]]

  [[1.41919277e+02 1.58686059e+02 1.61038942e+02]
   [1.41805575e+02 1.58656389e+02 1.60556319e+02]
   [1.41608042e+02 1.58654010e+02 1.60424650e+02]
   ...
   [1.18243876e+02 1.19551994e+02 1.41575127e+02]
   [1.34387936e+02 1.35726411e+02 1.60226384e+02]
   [1.50165580e+02 1.51552486e+02 1.79250890e+02]]]]
[[[[3.37226449e+02 3.55459634e+02 3.02833897e+02]
   [2.99433957e+02 3.38317762e+02 2.56909528e+02]
   [2.63023766e+02 3.17598750e+02 2.00978205e+02]
   ...
   [8.71870914e+02 9.81025806e+02 1.24647674e+03]
   [8.80004764e+02 9.78177517e+02 1.25404218e+03]
   [8.80289225e+02 9.62953009e+02 1.24392292e+03]]

  [[3.37203468e+02 3.55513378e+02 3.02894314e+02]
   [3.10068356e+02 3.33408385e+02 2.62425043e+02]
   [2.68974648e+02 3.17767255e+02 2.07100407e+02]
   ...
   [8.55864764e+02 9.49645222e+02 1.22561891e+03]
   [8.51324147e+02 9.45266461e+02 1.22383974e+03]
   [8.47443730e+02 9.36809488e+02 1.21984349e+03]]

  [[3.56987330e+02 3.75447668e+02 3.25396448e+02]
   [3.30040106e+02 3.53322233e+02 2.79174522e+02]
   [2.83507484e+02 3.38049287e+02 2.23258536e+02]
   ...
   [8.55574892e+02 9.45121114e+02 1.21757335e+03]
   [8.36031450e+02 9.30752762e+02 1.21703795e+03]
   [8.42149603e+02 9.22499222e+02 1.22442866e+03]]

  ...

  [[2.80008088e+01 1.39709315e+02 2.51097768e-01]
   [2.81230670e+01 1.33930194e+02 3.69264645e-01]
   [3.36979023e+01 1.50781593e+02 6.57803444e+00]
   ...
   [1.35437630e+02 1.61894736e+02 1.35698769e+02]
   [1.30022022e+02 1.79073701e+02 1.35631676e+02]
   [1.29854327e+02 2.01697542e+02 1.35529350e+02]]

  [[4.52925469e+01 1.61886449e+02 1.33162347e+01]
   [4.47242180e+01 1.44733451e+02 1.95676651e+01]
   [5.06938578e+01 1.50575778e+02 2.64225495e+01]
   ...
   [1.46290034e+02 1.56041031e+02 1.48608126e+02]
   [1.41018765e+02 1.67447307e+02 1.48819487e+02]
   [1.30286058e+02 1.85465742e+02 1.35817669e+02]]

  [[6.24719927e+01 1.96238625e+02 4.03654668e+01]
   [7.89460648e+01 1.78985436e+02 6.03767179e+01]
   [9.02733341e+01 1.90108421e+02 7.39085862e+01]
   ...
   [1.57924942e+02 1.50916047e+02 1.55933185e+02]
   [1.40712868e+02 1.61983763e+02 1.48817592e+02]
   [1.18953775e+02 1.74257253e+02 1.29448731e+02]]]


 [[[4.38513437e-01 2.99696918e-01 2.07642342e-02]
   [3.09965117e-01 2.41195672e-01 8.68748202e-02]
   [4.20743167e-01 1.89655353e-03 4.80670319e-01]
   ...
   [2.22341081e-01 4.34130450e-01 5.20439065e-01]
   [2.63827613e-01 4.10229756e-01 3.78164613e-02]
   [4.03695561e-01 1.01598958e-01 2.14535831e-01]]

  [[1.42189951e-01 8.01363296e-02 2.95178109e-01]
   [1.56969497e-01 2.08909637e-02 3.02158944e-01]
   [1.39872412e-01 4.19912362e-01 6.84088068e-02]
   ...
   [1.52665627e-01 3.76580121e-01 8.82384097e-02]
   [2.88214639e-01 3.44244410e-02 4.84763807e-01]
   [1.62717378e-01 3.56554834e-01 1.89082307e-01]]

  [[4.43026535e-01 4.09839908e-01 2.51525009e-01]
   [9.35796382e-02 1.36551854e-01 1.65385300e-02]
   [4.66424110e-01 4.17241776e-02 4.61769976e-01]
   ...
   [4.42537071e-01 1.79772081e-01 2.29649328e-01]
   [3.07705308e-01 3.60050205e-01 7.36987476e-02]
   [2.24704951e-01 1.91876737e-03 4.57712205e-01]]

  ...

  [[3.08138860e-01 1.92682499e-01 2.51097768e-01]
   [1.06605947e-01 8.26474506e-03 3.69264645e-01]
   [1.58774989e-01 6.41218911e-02 1.31660055e-01]
   ...
   [6.47996935e-02 3.91580562e-01 2.23937818e-01]
   [1.99137359e-01 2.96764817e-01 1.81016547e-01]
   [3.66831976e-01 2.05565919e-01 5.03639353e-01]]

  [[2.72657147e-02 3.99867981e-01 1.24404286e-01]
   [4.93866529e-01 5.25385818e-01 5.61418347e-01]
   [6.25695604e-03 2.27156394e-02 3.31829582e-01]
   ...
   [3.40340488e-01 3.05962806e-01 5.44683107e-01]
   [1.29599387e-01 4.35089513e-01 2.13183282e-01]
   [1.55379914e-01 1.24930613e-01 5.47784216e-01]]

  [[1.89296322e-02 5.60634323e-02 8.48643255e-02]
   [4.97916741e-01 2.86230678e-01 3.47222333e-01]
   [2.13570536e-01 5.38386519e-02 1.49285143e-02]
   ...
   [4.27141071e-01 2.61197262e-01 2.51411871e-01]
   [5.14504758e-01 3.91795894e-01 9.52288241e-02]
   [2.79579630e-01 2.79321889e-01 9.84496977e-02]]]


 [[[7.22893247e+01 8.21952204e+01 1.11960751e+01]
   [6.68740174e+01 7.67040219e+01 5.50000350e+00]
   [6.67317788e+01 7.68369696e+01 5.11540956e+00]
   ...
   [1.09442080e+02 1.28705335e+02 5.14772995e+00]
   [1.25488828e+02 1.49743446e+02 3.78164613e-02]
   [1.41136238e+02 1.70762928e+02 2.14535831e-01]]

  [[6.73269416e+01 7.72228016e+01 5.31944212e+00]
   [6.18880957e+01 7.17946455e+01 5.28778152e+00]
   [6.19634784e+01 7.14288029e+01 6.84088068e-02]
   ...
   [8.85808484e+01 1.02886659e+02 8.82384097e-02]
   [1.04204100e+02 1.18773884e+02 5.18340521e+00]
   [1.20176470e+02 1.39441695e+02 5.48548780e+00]]

  [[6.68989246e+01 8.71186208e+01 5.36309522e+00]
   [6.69648252e+01 8.69474965e+01 1.65385300e-02]
   [7.18178434e+01 8.19197331e+01 4.61769976e-01]
   ...
   [6.74125030e+01 8.24694857e+01 2.29649328e-01]
   [7.80990905e+01 8.75783821e+01 7.36987476e-02]
   [8.34895120e+01 9.84673041e+01 4.57712205e-01]]

  ...

  [[3.93243879e+01 8.37485158e+01 6.46390293e+00]
   [2.20084843e+02 2.62287883e+02 2.33915522e+02]
   [2.87622982e+02 3.29561699e+02 3.28643370e+02]
   ...
   [1.80605107e+02 2.62624174e+02 6.09412803e+01]
   [5.07569684e+01 1.62257720e+02 1.81016547e-01]
   [6.75746424e+01 1.73655443e+02 5.03639353e-01]]

  [[7.36174298e+01 1.28309969e+02 2.00365543e+01]
   [1.01246824e+02 1.50320329e+02 6.65355266e+01]
   [1.35194049e+02 1.84042110e+02 7.99313077e+01]
   ...
   [2.19605222e+02 2.90052740e+02 7.40317215e+01]
   [6.76216157e+01 1.67447307e+02 2.13183282e-01]
   [5.65582886e+01 1.62969903e+02 5.47784216e-01]]

  [[8.51959645e+01 1.40154428e+02 1.33985794e+01]
   [9.02952050e+01 1.39769759e+02 4.01354045e+01]
   [9.59287656e+01 1.45364360e+02 3.35866691e+01]
   ...
   [2.25790121e+02 2.96494134e+02 8.12362037e+01]
   [7.29237292e+01 1.73182077e+02 9.52288241e-02]
   [5.64982084e+01 1.62996829e+02 9.84496977e-02]]]


 ...


 [[[4.38513437e-01 2.99696918e-01 2.07642342e-02]
   [5.13700214e+01 1.17741471e+02 7.81294217e+01]
   [3.09513974e+02 6.50567171e+02 5.47935158e+02]
   ...
   [7.51762262e+02 1.07400622e+03 9.68736462e+02]
   [7.54252108e+02 1.07655406e+03 9.70313672e+02]
   [7.54475950e+02 1.07686269e+03 9.71235257e+02]]

  [[1.42189951e-01 8.01363296e-02 2.95178109e-01]
   [6.18880957e+01 1.48739863e+02 1.05906710e+02]
   [3.10376882e+02 6.61614678e+02 5.59847310e+02]
   ...
   [7.51472394e+02 1.07356111e+03 9.70263250e+02]
   [7.52056448e+02 1.07440593e+03 9.68772138e+02]
   [7.53265235e+02 1.07660774e+03 9.70162407e+02]]

  [[4.43026535e-01 4.09839908e-01 2.51525009e-01]
   [8.24398417e+01 1.84276727e+02 1.39578992e+02]
   [3.09323294e+02 6.81262889e+02 5.75618018e+02]
   ...
   [7.51182523e+02 1.07426058e+03 9.72874615e+02]
   [7.52397535e+02 1.07559253e+03 9.72478136e+02]
   [7.53203248e+02 1.07797694e+03 9.73754241e+02]]

  ...

  [[3.08138860e-01 1.09994773e+01 2.51097768e-01]
   [2.81230670e+01 5.57250436e+00 2.64061395e+01]
   [1.58774989e-01 6.41218911e-02 1.31660055e-01]
   ...
   [3.16107537e+02 6.54349766e+02 1.01718092e+02]
   [3.28184655e+02 6.72342483e+02 1.15259772e+02]
   [3.16693382e+02 6.89630052e+02 1.35529350e+02]]

  [[2.72657147e-02 1.63883717e+01 1.24404286e-01]
   [1.08106546e+01 5.25385818e-01 1.95676651e+01]
   [2.25271274e+01 5.55500636e+00 1.30453600e+01]
   ...
   [2.47803371e+02 5.63659979e+02 2.65740095e+01]
   [2.70875261e+02 5.87153298e+02 4.04320904e+01]
   [2.60727495e+02 6.12886685e+02 6.08166697e+01]]

  [[1.89296322e-02 2.23776152e+01 8.48643255e-02]
   [5.17665337e+00 2.86230678e-01 1.98940911e+01]
   [3.37190187e+01 1.67251843e+01 4.03069886e+01]
   ...
   [1.74891237e+02 4.53270535e+02 1.33298574e+01]
   [2.02852912e+02 4.86734880e+02 2.02110649e+01]
   [1.98442678e+02 5.12069979e+02 2.03563683e+01]]]


 [[[8.77490390e+02 7.47310491e+02 4.87911746e+02]
   [8.98921801e+02 7.89729705e+02 5.86535349e+02]
   [9.60376879e+02 9.01574133e+02 6.26280277e+02]
   ...
   [9.71091104e+02 8.98376548e+02 5.14772995e+00]
   [9.74319256e+02 9.00511823e+02 3.40096042e+01]
   [9.74649180e+02 9.05998166e+02 2.81904289e+01]]

  [[8.87336386e+02 7.62642184e+02 3.47811276e+02]
   [9.35689431e+02 8.36117140e+02 4.91612602e+02]
   [1.08666877e+03 1.03625441e+03 6.66231297e+02]
   ...
   [9.81135607e+02 9.03176764e+02 5.58633170e+00]
   [9.81939539e+02 8.98776254e+02 2.78560813e+01]
   [9.83479332e+02 9.00565498e+02 2.25091981e+01]]

  [[9.37164140e+02 8.38833636e+02 1.85030943e+02]
   [1.06252422e+03 9.83400935e+02 4.29937694e+02]
   [1.23352929e+03 1.18839941e+03 6.65106140e+02]
   ...
   [9.86065354e+02 9.03796485e+02 5.46101889e+00]
   [9.87617922e+02 8.99715669e+02 1.69886142e+01]
   [9.88649483e+02 9.01768859e+02 5.23943372e+00]]

  ...

  [[5.63097564e+01 3.46764270e+02 1.34048916e+02]
   [3.37690016e+01 3.40418651e+02 1.40201607e+02]
   [5.48400456e+00 3.35148577e+02 1.54191313e+02]
   ...
   [1.52375434e+02 2.01067295e+02 2.23937818e-01]
   [1.52669180e+02 1.95889682e+02 1.81016547e-01]
   [1.52501485e+02 1.96089122e+02 5.03639353e-01]]

  [[5.09575235e+01 3.52153165e+02 1.41002306e+02]
   [2.77674363e+01 3.45861070e+02 1.47051861e+02]
   [5.62708913e+00 3.34640604e+02 1.60194445e+02]
   ...
   [1.63208924e+02 2.28630707e+02 6.23499004e+00]
   [1.63602504e+02 2.29004186e+02 6.56102899e+00]
   [1.64314259e+02 2.30457420e+02 6.27048844e+00]]

  [[5.11100068e+01 3.53274375e+02 1.41491295e+02]
   [2.78749338e+01 3.47052623e+02 1.48089076e+02]
   [5.44186100e+00 3.35526620e+02 1.61272740e+02]
   ...
   [1.69235805e+02 2.29304247e+02 6.53922276e+00]
   [1.68958343e+02 2.29173649e+02 6.67353575e+00]
   [1.70053784e+02 2.30559374e+02 6.71982296e+00]]]


 [[[1.50212008e+02 1.59534205e+02 1.45798147e+02]
   [1.44393997e+02 1.53649240e+02 1.39585083e+02]
   [1.49381037e+02 1.58798427e+02 1.45017407e+02]
   ...
   [2.60883424e+02 1.95857857e+02 1.46851955e+02]
   [2.61720872e+02 1.96342862e+02 1.47501006e+02]
   [2.61707293e+02 1.96651493e+02 1.47491281e+02]]

  [[1.65935672e+02 1.80293385e+02 1.56914188e+02]
   [1.60126116e+02 1.74388269e+02 1.50626234e+02]
   [1.65469063e+02 1.79201876e+02 1.56707992e+02]
   ...
   [2.76487113e+02 2.16476222e+02 1.70148865e+02]
   [2.76616418e+02 2.16919877e+02 1.69560307e+02]
   [2.77140626e+02 2.17107389e+02 1.70048021e+02]]

  [[1.70501926e+02 1.84944547e+02 1.51343221e+02]
   [1.70131602e+02 1.84276727e+02 1.50746634e+02]
   [1.69917921e+02 1.84371555e+02 1.56142444e+02]
   ...
   [2.86636479e+02 2.42602423e+02 1.93253070e+02]
   [2.87183879e+02 2.42763851e+02 1.93299181e+02]
   [2.87542916e+02 2.43579843e+02 1.93245249e+02]]

  ...

  [[1.41236599e+02 1.45305394e+02 1.40763917e+02]
   [1.41041759e+02 1.45091732e+02 1.46895458e+02]
   [1.35267934e+02 1.34020958e+02 1.54191313e+02]
   ...
   [1.46729500e+02 1.45106496e+02 1.62883311e+02]
   [1.47007390e+02 1.45441739e+02 1.62794215e+02]
   [1.46839696e+02 1.45613345e+02 1.62735948e+02]]

  [[1.41597149e+02 1.45098209e+02 1.41002306e+02]
   [1.40812648e+02 1.44733451e+02 1.47051861e+02]
   [1.35194049e+02 1.33842612e+02 1.53505850e+02]
   ...
   [1.46290034e+02 1.44873389e+02 1.62167472e+02]
   [1.46664700e+02 1.45062987e+02 1.62367911e+02]
   [1.47300158e+02 1.46098024e+02 1.63090760e+02]]

  [[1.42005894e+02 1.45762848e+02 1.41491295e+02]
   [1.41366336e+02 1.45371998e+02 1.48089076e+02]
   [1.35516786e+02 1.34178345e+02 1.54552420e+02]
   ...
   [1.46614079e+02 1.45316890e+02 1.62723819e+02]
   [1.46361963e+02 1.45186291e+02 1.62355121e+02]
   [1.47342669e+02 1.46106193e+02 1.63540094e+02]]]]
