[[[[0.10980392 0.14117647 0.19607843]
   [0.1254902  0.14901961 0.22352941]
   [0.12941176 0.14901961 0.2       ]
   ...
   [0.09803922 0.1254902  0.16862745]
   [0.0745098  0.11764706 0.14901961]
   [0.08627451 0.10196078 0.15294118]]

  [[0.12156863 0.1254902  0.2       ]
   [0.1372549  0.13333333 0.23137255]
   [0.15686275 0.15294118 0.24705882]
   ...
   [0.09803922 0.12156863 0.1372549 ]
   [0.09019608 0.12941176 0.18823529]
   [0.09411765 0.11764706 0.16470588]]

  [[0.08627451 0.10196078 0.14117647]
   [0.1254902  0.14117647 0.20392157]
   [0.12156863 0.14117647 0.21960784]
   ...
   [0.08627451 0.10196078 0.10980392]
   [0.10196078 0.12941176 0.19607843]
   [0.09019608 0.1254902  0.17254902]]

  ...

  [[0.20392157 0.20784314 0.30980392]
   [0.20392157 0.20392157 0.29803922]
   [0.20392157 0.19607843 0.28235294]
   ...
   [0.98431373 0.98431373 0.98431373]
   [0.97254902 0.96862745 0.96078431]
   [0.96862745 0.95686275 0.95294118]]

  [[0.23529412 0.23921569 0.34509804]
   [0.22745098 0.23137255 0.3254902 ]
   [0.21176471 0.20784314 0.29411765]
   ...
   [0.96078431 0.95294118 0.94117647]
   [0.96470588 0.95294118 0.94117647]
   [0.94901961 0.9372549  0.92156863]]

  [[0.21568627 0.21960784 0.30196078]
   [0.22352941 0.23137255 0.37254902]
   [0.20784314 0.20392157 0.3254902 ]
   ...
   [0.97254902 0.97647059 0.97254902]
   [0.98039216 0.98039216 0.98039216]
   [0.94117647 0.94117647 0.9254902 ]]]


 [[[0.         0.         0.        ]
   [0.         0.         0.        ]
   [0.         0.         0.        ]
   ...
   [0.         0.         0.        ]
   [0.         0.         0.        ]
   [0.         0.         0.        ]]

  [[0.         0.         0.        ]
   [0.         0.         0.        ]
   [0.         0.         0.        ]
   ...
   [0.         0.         0.        ]
   [0.         0.         0.        ]
   [0.         0.         0.        ]]

  [[0.         0.         0.00784314]
   [0.         0.         0.00784314]
   [0.         0.         0.00784314]
   ...
   [0.         0.         0.        ]
   [0.         0.         0.        ]
   [0.         0.         0.        ]]

  ...

  [[0.00392157 0.01960784 0.04313725]
   [0.01960784 0.03921569 0.07843137]
   [0.04705882 0.05490196 0.10196078]
   ...
   [0.02745098 0.00392157 0.00392157]
   [0.03529412 0.01568627 0.01176471]
   [0.05098039 0.03137255 0.02352941]]

  [[0.09411765 0.0745098  0.06666667]
   [0.09411765 0.09411765 0.10588235]
   [0.09019608 0.06666667 0.08235294]
   ...
   [0.09411765 0.03137255 0.01568627]
   [0.10980392 0.04313725 0.01960784]
   [0.10196078 0.04705882 0.02745098]]

  [[0.26666667 0.19607843 0.15294118]
   [0.19215686 0.14901961 0.09803922]
   [0.2        0.13333333 0.09019608]
   ...
   [0.0627451  0.01960784 0.01176471]
   [0.08627451 0.03137255 0.00784314]
   [0.04313725 0.02745098 0.01568627]]]


 [[[0.02745098 0.02745098 0.01568627]
   [0.04313725 0.04313725 0.03529412]
   [0.03921569 0.03921569 0.05882353]
   ...
   [0.03529412 0.05882353 0.07843137]
   [0.01176471 0.02745098 0.02745098]
   [0.03529412 0.03529412 0.07058824]]

  [[0.02745098 0.02745098 0.01960784]
   [0.02745098 0.03137255 0.01960784]
   [0.02745098 0.02745098 0.03921569]
   ...
   [0.05098039 0.05098039 0.06666667]
   [0.01568627 0.02352941 0.01568627]
   [0.05098039 0.05490196 0.0745098 ]]

  [[0.02745098 0.02745098 0.01960784]
   [0.01960784 0.01960784 0.01960784]
   [0.02352941 0.02352941 0.01960784]
   ...
   [0.02745098 0.02352941 0.03921569]
   [0.00392157 0.01176471 0.00392157]
   [0.02352941 0.02745098 0.03137255]]

  ...

  [[0.2        0.16470588 0.14901961]
   [0.19607843 0.17254902 0.14901961]
   [0.18823529 0.15294118 0.12941176]
   ...
   [0.02745098 0.02745098 0.02745098]
   [0.02745098 0.02745098 0.03529412]
   [0.02745098 0.02745098 0.02745098]]

  [[0.2        0.16470588 0.1372549 ]
   [0.15686275 0.12941176 0.09803922]
   [0.18039216 0.14901961 0.11764706]
   ...
   [0.02745098 0.02745098 0.01960784]
   [0.02352941 0.02352941 0.02745098]
   [0.02745098 0.02745098 0.02352941]]

  [[0.17647059 0.15294118 0.11764706]
   [0.16862745 0.15294118 0.12156863]
   [0.19215686 0.16862745 0.1372549 ]
   ...
   [0.02352941 0.02745098 0.00784314]
   [0.02352941 0.02352941 0.01568627]
   [0.03137255 0.03529412 0.01568627]]]


 ...


 [[[0.05490196 0.09019608 0.11372549]
   [0.04313725 0.0745098  0.10196078]
   [0.04313725 0.0745098  0.09803922]
   ...
   [0.39215686 0.30588235 0.25490196]
   [0.40784314 0.48627451 0.45882353]
   [0.45098039 0.58823529 0.59215686]]

  [[0.06666667 0.08235294 0.09411765]
   [0.07843137 0.09019608 0.10588235]
   [0.0745098  0.09019608 0.10196078]
   ...
   [0.39215686 0.32156863 0.2745098 ]
   [0.2627451  0.34509804 0.3254902 ]
   [0.38823529 0.52156863 0.52941176]]

  [[0.01568627 0.01176471 0.01176471]
   [0.03529412 0.03137255 0.03137255]
   [0.05882353 0.05490196 0.05098039]
   ...
   [0.26666667 0.22352941 0.17647059]
   [0.2        0.28627451 0.27843137]
   [0.18431373 0.31372549 0.32156863]]

  ...

  [[0.22352941 0.26666667 0.12941176]
   [0.22352941 0.27058824 0.12941176]
   [0.22352941 0.26666667 0.15294118]
   ...
   [0.41176471 0.44705882 0.26666667]
   [0.4        0.44313725 0.25882353]
   [0.37647059 0.41176471 0.20784314]]

  [[0.22352941 0.26666667 0.12941176]
   [0.22352941 0.27058824 0.13333333]
   [0.21960784 0.2627451  0.15294118]
   ...
   [0.17647059 0.20392157 0.09803922]
   [0.25490196 0.28235294 0.16470588]
   [0.34509804 0.37254902 0.21176471]]

  [[0.22352941 0.26666667 0.12941176]
   [0.22352941 0.27058824 0.12941176]
   [0.21568627 0.25490196 0.14509804]
   ...
   [0.34901961 0.37647059 0.23137255]
   [0.23137255 0.25490196 0.13333333]
   [0.14901961 0.17647059 0.09019608]]]


 [[[0.10196078 0.28346457 0.16078431]
   [0.1254902  0.30708661 0.18431373]
   [0.14901961 0.33858268 0.21176471]
   ...
   [0.02352941 0.01968504 0.00784314]
   [0.01960784 0.01968504 0.00784314]
   [0.01960784 0.01574803 0.00784314]]

  [[0.10980392 0.31102362 0.17254902]
   [0.1372549  0.33858268 0.19607843]
   [0.16470588 0.37007874 0.22745098]
   ...
   [0.07843137 0.06692913 0.01176471]
   [0.07058824 0.05905512 0.00784314]
   [0.06666667 0.0511811  0.00784314]]

  [[0.1372549  0.36220472 0.20392157]
   [0.15294118 0.37795276 0.21960784]
   [0.17254902 0.3976378  0.23529412]
   ...
   [0.20392157 0.16535433 0.05098039]
   [0.19607843 0.15354331 0.04705882]
   [0.18823529 0.1496063  0.04313725]]

  ...

  [[0.14117647 0.32677165 0.25098039]
   [0.12941176 0.2992126  0.22352941]
   [0.12156863 0.2519685  0.18823529]
   ...
   [0.21960784 0.         0.        ]
   [0.21960784 0.         0.        ]
   [0.21960784 0.         0.        ]]

  [[0.1254902  0.31102362 0.23921569]
   [0.1254902  0.29133858 0.21568627]
   [0.10588235 0.24015748 0.17647059]
   ...
   [0.21960784 0.         0.        ]
   [0.21960784 0.         0.        ]
   [0.22352941 0.         0.        ]]

  [[0.11372549 0.2992126  0.22352941]
   [0.1254902  0.29133858 0.21568627]
   [0.09411765 0.23228346 0.16470588]
   ...
   [0.22745098 0.         0.00392157]
   [0.22745098 0.         0.00392157]
   [0.23137255 0.         0.00392157]]]


 [[[0.70588235 0.56862745 0.45098039]
   [0.69803922 0.56078431 0.44313725]
   [0.68627451 0.54901961 0.43137255]
   ...
   [0.5372549  0.67058824 0.83137255]
   [0.51764706 0.60784314 0.70980392]
   [0.10196078 0.15686275 0.21568627]]

  [[0.72941176 0.59215686 0.46666667]
   [0.7372549  0.6        0.4745098 ]
   [0.74509804 0.60784314 0.48235294]
   ...
   [0.57647059 0.69803922 0.85882353]
   [0.5372549  0.61176471 0.70980392]
   [0.14117647 0.18823529 0.24313725]]

  [[0.77254902 0.63921569 0.50196078]
   [0.76862745 0.63529412 0.50196078]
   [0.76862745 0.63529412 0.49803922]
   ...
   [0.27058824 0.36078431 0.50588235]
   [0.58431373 0.64705882 0.73333333]
   [0.16078431 0.19215686 0.23921569]]

  ...

  [[0.35294118 0.34117647 0.31372549]
   [0.35294118 0.34117647 0.31372549]
   [0.35294118 0.34117647 0.31372549]
   ...
   [0.21960784 0.23529412 0.16862745]
   [0.00784314 0.01176471 0.01960784]
   [0.20392157 0.21960784 0.15294118]]

  [[0.35294118 0.34117647 0.31372549]
   [0.35294118 0.34117647 0.31372549]
   [0.35294118 0.34117647 0.31372549]
   ...
   [0.22352941 0.24313725 0.16862745]
   [0.00392157 0.01176471 0.01568627]
   [0.20392157 0.21960784 0.14509804]]

  [[0.35294118 0.34117647 0.31372549]
   [0.35294118 0.34117647 0.31372549]
   [0.35294118 0.34117647 0.31372549]
   ...
   [0.23137255 0.24705882 0.17647059]
   [0.01568627 0.02352941 0.02352941]
   [0.19607843 0.21568627 0.1372549 ]]]]
[[[[0.6043956  0.60795455 0.67164179]
   [0.64285714 0.65340909 0.72139303]
   [0.66483516 0.67613636 0.74129353]
   ...
   [0.69230769 0.69886364 0.75124378]
   [0.6978022  0.70454545 0.76119403]
   [0.69230769 0.69886364 0.76119403]]

  [[0.5989011  0.60227273 0.66666667]
   [0.64285714 0.64772727 0.71144279]
   [0.66483516 0.66477273 0.73631841]
   ...
   [0.6978022  0.70454545 0.75124378]
   [0.69230769 0.69886364 0.75621891]
   [0.67582418 0.68181818 0.74626866]]

  [[0.59340659 0.59090909 0.64676617]
   [0.63186813 0.63068182 0.68656716]
   [0.65384615 0.64772727 0.71641791]
   ...
   [0.70879121 0.71590909 0.76616915]
   [0.69230769 0.69886364 0.75124378]
   [0.65384615 0.65909091 0.73134328]]

  ...

  [[0.09340659 0.09659091 0.12935323]
   [0.09340659 0.09659091 0.12935323]
   [0.08791209 0.09090909 0.12935323]
   ...
   [0.56043956 0.53977273 0.61691542]
   [0.55494505 0.53409091 0.6119403 ]
   [0.56593407 0.54545455 0.62189055]]

  [[0.09340659 0.09659091 0.12935323]
   [0.09340659 0.09659091 0.12935323]
   [0.0989011  0.10227273 0.13432836]
   ...
   [0.57142857 0.55113636 0.62686567]
   [0.56593407 0.54545455 0.62189055]
   [0.56593407 0.54545455 0.62189055]]

  [[0.09340659 0.09659091 0.12935323]
   [0.09340659 0.09659091 0.12935323]
   [0.0989011  0.10227273 0.13432836]
   ...
   [0.58241758 0.5625     0.63681592]
   [0.57142857 0.55113636 0.62686567]
   [0.57142857 0.55113636 0.62686567]]]


 [[[0.85245902 0.87551867 0.90322581]
   [0.84836066 0.86307054 0.89516129]
   [0.8647541  0.87551867 0.90725806]
   ...
   [0.02868852 0.02904564 0.07258065]
   [0.0204918  0.01659751 0.05645161]
   [0.01639344 0.00829876 0.05241935]]

  [[0.87704918 0.88381743 0.91935484]
   [0.88114754 0.89626556 0.92741935]
   [0.8647541  0.88381743 0.91129032]
   ...
   [0.03278689 0.03319502 0.06048387]
   [0.02459016 0.01659751 0.05645161]
   [0.00819672 0.00829876 0.05241935]]

  [[0.90983607 0.92116183 0.95967742]
   [0.90163934 0.92116183 0.94758065]
   [0.89344262 0.91286307 0.92741935]
   ...
   [0.02868852 0.0373444  0.06451613]
   [0.0204918  0.01244813 0.05645161]
   [0.00819672 0.00414938 0.0483871 ]]

  ...

  [[0.68032787 0.68879668 0.71370968]
   [0.71311475 0.71369295 0.73387097]
   [0.74180328 0.75518672 0.77822581]
   ...
   [0.58606557 0.56846473 0.50403226]
   [0.68442623 0.67219917 0.62903226]
   [0.7295082  0.69294606 0.66935484]]

  [[0.81147541 0.82572614 0.84677419]
   [0.84836066 0.87136929 0.88709677]
   [0.88934426 0.91701245 0.93548387]
   ...
   [0.59836066 0.57261411 0.5       ]
   [0.69672131 0.66804979 0.62903226]
   [0.72131148 0.6846473  0.65322581]]

  [[0.91393443 0.93360996 0.95564516]
   [0.90983607 0.93360996 0.95564516]
   [0.92213115 0.94190871 0.96774194]
   ...
   [0.60655738 0.57676349 0.50806452]
   [0.70901639 0.67219917 0.62096774]
   [0.70901639 0.66804979 0.64112903]]]


 [[[0.52156863 0.50588235 0.45882353]
   [0.4745098  0.47843137 0.42745098]
   [0.42352941 0.40392157 0.38039216]
   ...
   [0.64313725 0.6627451  0.57647059]
   [0.65098039 0.6627451  0.56862745]
   [0.56862745 0.60784314 0.50980392]]

  [[0.4745098  0.4745098  0.43921569]
   [0.4        0.40392157 0.37254902]
   [0.36078431 0.3254902  0.34117647]
   ...
   [0.56078431 0.58039216 0.5254902 ]
   [0.54901961 0.56470588 0.50196078]
   [0.50588235 0.5372549  0.4745098 ]]

  [[0.41176471 0.41176471 0.40784314]
   [0.36078431 0.34117647 0.36078431]
   [0.29019608 0.23529412 0.29803922]
   ...
   [0.4627451  0.49019608 0.42745098]
   [0.4745098  0.49803922 0.43137255]
   [0.4627451  0.50196078 0.43529412]]

  ...

  [[0.10980392 0.04705882 0.16078431]
   [0.10980392 0.04705882 0.16078431]
   [0.09411765 0.03137255 0.14509804]
   ...
   [0.18823529 0.09019608 0.31764706]
   [0.18431373 0.07843137 0.31764706]
   [0.18823529 0.07843137 0.32156863]]

  [[0.10588235 0.04313725 0.15686275]
   [0.10588235 0.04313725 0.15686275]
   [0.10196078 0.03921569 0.15294118]
   ...
   [0.2        0.09019608 0.32156863]
   [0.20784314 0.09803922 0.33333333]
   [0.20784314 0.09803922 0.34117647]]

  [[0.09411765 0.03137255 0.14509804]
   [0.09411765 0.03529412 0.14901961]
   [0.10196078 0.03921569 0.15686275]
   ...
   [0.2        0.08235294 0.31764706]
   [0.20392157 0.09803922 0.3372549 ]
   [0.19607843 0.08627451 0.32941176]]]


 ...


 [[[0.40392157 0.27822581 0.12601626]
   [0.40392157 0.27822581 0.12601626]
   [0.40392157 0.27822581 0.12601626]
   ...
   [0.09411765 0.         0.        ]
   [0.09411765 0.         0.        ]
   [0.09411765 0.         0.        ]]

  [[0.40392157 0.27822581 0.12601626]
   [0.40392157 0.27822581 0.12601626]
   [0.40392157 0.27822581 0.12601626]
   ...
   [0.09411765 0.         0.        ]
   [0.09411765 0.         0.        ]
   [0.09411765 0.         0.        ]]

  [[0.40784314 0.28225806 0.1300813 ]
   [0.40784314 0.28225806 0.1300813 ]
   [0.40784314 0.28225806 0.1300813 ]
   ...
   [0.09411765 0.         0.        ]
   [0.09411765 0.         0.        ]
   [0.09411765 0.         0.        ]]

  ...

  [[0.12941176 0.01612903 0.02439024]
   [0.12941176 0.01612903 0.02439024]
   [0.12941176 0.01612903 0.02439024]
   ...
   [0.09803922 0.00403226 0.00406504]
   [0.10196078 0.00806452 0.00813008]
   [0.10588235 0.01209677 0.01219512]]

  [[0.12941176 0.01612903 0.02439024]
   [0.12941176 0.01612903 0.02439024]
   [0.12941176 0.01612903 0.02439024]
   ...
   [0.09803922 0.00403226 0.00406504]
   [0.10196078 0.00806452 0.00813008]
   [0.10588235 0.01209677 0.01219512]]

  [[0.12941176 0.01612903 0.02439024]
   [0.12941176 0.01612903 0.02439024]
   [0.12941176 0.01612903 0.02439024]
   ...
   [0.09803922 0.00403226 0.00406504]
   [0.10196078 0.00806452 0.00813008]
   [0.10588235 0.01209677 0.01219512]]]


 [[[0.37444934 0.2173913  0.54356846]
   [0.37885463 0.22134387 0.54771784]
   [0.3876652  0.22924901 0.5560166 ]
   ...
   [0.69603524 0.26482213 0.60580913]
   [0.68722467 0.256917   0.59751037]
   [0.68281938 0.25296443 0.593361  ]]

  [[0.41409692 0.24901186 0.56016598]
   [0.4185022  0.24901186 0.56016598]
   [0.4185022  0.24901186 0.56016598]
   ...
   [0.71365639 0.28063241 0.62240664]
   [0.70484581 0.27272727 0.61410788]
   [0.69162996 0.26086957 0.60165975]]

  [[0.4185022  0.24901186 0.52282158]
   [0.40969163 0.24505929 0.5186722 ]
   [0.40088106 0.23715415 0.51037344]
   ...
   [0.70044053 0.26086957 0.60580913]
   [0.69603524 0.26086957 0.60165975]
   [0.69603524 0.26086957 0.60580913]]

  ...

  [[0.14977974 0.28458498 0.23236515]
   [0.14977974 0.28458498 0.23236515]
   [0.14977974 0.28458498 0.23236515]
   ...
   [0.21585903 0.32411067 0.46473029]
   [0.21585903 0.3201581  0.46058091]
   [0.21145374 0.31225296 0.45228216]]

  [[0.14977974 0.28458498 0.23236515]
   [0.14977974 0.28458498 0.23236515]
   [0.14977974 0.28458498 0.23236515]
   ...
   [0.22026432 0.32806324 0.47717842]
   [0.21585903 0.32411067 0.47302905]
   [0.21145374 0.3201581  0.46887967]]

  [[0.14977974 0.28458498 0.23236515]
   [0.14977974 0.28458498 0.23236515]
   [0.14977974 0.28458498 0.23236515]
   ...
   [0.22026432 0.32806324 0.47717842]
   [0.22026432 0.32806324 0.47717842]
   [0.21145374 0.3201581  0.46887967]]]


 [[[0.24705882 0.27058824 0.3254902 ]
   [0.24705882 0.27058824 0.3254902 ]
   [0.24705882 0.27058824 0.3254902 ]
   ...
   [0.10980392 0.12156863 0.08627451]
   [0.11372549 0.12156863 0.10196078]
   [0.09411765 0.10196078 0.08235294]]

  [[0.25098039 0.2745098  0.32941176]
   [0.25098039 0.2745098  0.32941176]
   [0.25098039 0.2745098  0.32941176]
   ...
   [0.12941176 0.1372549  0.11764706]
   [0.11372549 0.12156863 0.10980392]
   [0.09019608 0.09803922 0.09019608]]

  [[0.2627451  0.28627451 0.34117647]
   [0.2627451  0.28627451 0.34117647]
   [0.2627451  0.28627451 0.34117647]
   ...
   [0.16470588 0.16862745 0.17647059]
   [0.11764706 0.12156863 0.13333333]
   [0.08627451 0.08627451 0.10980392]]

  ...

  [[0.07058824 0.07843137 0.06666667]
   [0.07058824 0.07843137 0.06666667]
   [0.07058824 0.07843137 0.06666667]
   ...
   [0.05882353 0.05882353 0.05882353]
   [0.06666667 0.06666667 0.06666667]
   [0.0745098  0.0745098  0.0745098 ]]

  [[0.07058824 0.07843137 0.06666667]
   [0.07058824 0.07843137 0.06666667]
   [0.07058824 0.07843137 0.06666667]
   ...
   [0.05882353 0.05882353 0.05882353]
   [0.06666667 0.06666667 0.06666667]
   [0.0745098  0.0745098  0.0745098 ]]

  [[0.07058824 0.07843137 0.06666667]
   [0.07058824 0.07843137 0.06666667]
   [0.07058824 0.07843137 0.06666667]
   ...
   [0.05882353 0.05882353 0.05882353]
   [0.06666667 0.06666667 0.06666667]
   [0.0745098  0.0745098  0.0745098 ]]]]
[[[[0.25590551 0.2875     0.21176471]
   [0.22834646 0.275      0.18039216]
   [0.2007874  0.25833333 0.14117647]
   ...
   [0.65748031 0.79166667 0.8627451 ]
   [0.66141732 0.7875     0.86666667]
   [0.66141732 0.775      0.85882353]]

  [[0.25590551 0.2875     0.21176471]
   [0.23622047 0.27083333 0.18431373]
   [0.20472441 0.25833333 0.14509804]
   ...
   [0.64566929 0.76666667 0.84705882]
   [0.64173228 0.7625     0.84705882]
   [0.63779528 0.75416667 0.84313725]]

  [[0.27165354 0.30416667 0.22745098]
   [0.2519685  0.2875     0.19607843]
   [0.21653543 0.275      0.15686275]
   ...
   [0.64566929 0.7625     0.83921569]
   [0.62992126 0.75       0.83921569]
   [0.63385827 0.74166667 0.84313725]]

  ...

  [[0.01968504 0.10416667 0.        ]
   [0.01968504 0.1        0.        ]
   [0.02362205 0.1125     0.00392157]
   ...
   [0.09448819 0.12083333 0.07843137]
   [0.09055118 0.13333333 0.07843137]
   [0.09055118 0.15       0.07843137]]

  [[0.03149606 0.12083333 0.00784314]
   [0.03149606 0.10833333 0.01176471]
   [0.03543307 0.1125     0.01568627]
   ...
   [0.1023622  0.11666667 0.08627451]
   [0.0984252  0.125      0.08627451]
   [0.09055118 0.1375     0.07843137]]

  [[0.04330709 0.14583333 0.02352941]
   [0.05511811 0.13333333 0.03529412]
   [0.06299213 0.14166667 0.04313725]
   ...
   [0.11023622 0.1125     0.09019608]
   [0.0984252  0.12083333 0.08627451]
   [0.08267717 0.12916667 0.0745098 ]]]


 [[[0.         0.         0.        ]
   [0.         0.         0.        ]
   [0.         0.         0.        ]
   ...
   [0.         0.         0.        ]
   [0.         0.         0.        ]
   [0.         0.         0.        ]]

  [[0.         0.         0.        ]
   [0.         0.         0.        ]
   [0.         0.         0.        ]
   ...
   [0.         0.         0.        ]
   [0.         0.         0.        ]
   [0.         0.         0.        ]]

  [[0.         0.         0.        ]
   [0.         0.         0.        ]
   [0.         0.         0.        ]
   ...
   [0.         0.         0.        ]
   [0.         0.         0.        ]
   [0.         0.         0.        ]]

  ...

  [[0.         0.         0.        ]
   [0.         0.         0.        ]
   [0.         0.         0.        ]
   ...
   [0.         0.         0.        ]
   [0.         0.         0.        ]
   [0.         0.         0.        ]]

  [[0.         0.         0.        ]
   [0.         0.         0.        ]
   [0.         0.         0.        ]
   ...
   [0.         0.         0.        ]
   [0.         0.         0.        ]
   [0.         0.         0.        ]]

  [[0.         0.         0.        ]
   [0.         0.         0.        ]
   [0.         0.         0.        ]
   ...
   [0.         0.         0.        ]
   [0.         0.         0.        ]
   [0.         0.         0.        ]]]


 [[[0.048      0.03703704 0.00843882]
   [0.044      0.03292181 0.00421941]
   [0.044      0.03292181 0.00421941]
   ...
   [0.076      0.07407407 0.00421941]
   [0.088      0.09053498 0.        ]
   [0.1        0.10699588 0.        ]]

  [[0.044      0.03292181 0.00421941]
   [0.04       0.02880658 0.00421941]
   [0.04       0.02880658 0.        ]
   ...
   [0.06       0.05349794 0.        ]
   [0.072      0.06584362 0.00421941]
   [0.084      0.08230453 0.00421941]]

  [[0.044      0.04115226 0.00421941]
   [0.044      0.04115226 0.        ]
   [0.048      0.03703704 0.        ]
   ...
   [0.044      0.03703704 0.        ]
   [0.052      0.04115226 0.        ]
   [0.056      0.04938272 0.        ]]

  ...

  [[0.02       0.03292181 0.00421941]
   [0.148      0.16460905 0.14767932]
   [0.196      0.21399177 0.20675105]
   ...
   [0.12       0.16460905 0.03797468]
   [0.028      0.09053498 0.        ]
   [0.04       0.09876543 0.        ]]

  [[0.044      0.06584362 0.01265823]
   [0.064      0.08230453 0.04219409]
   [0.088      0.10699588 0.05063291]
   ...
   [0.148      0.18518519 0.0464135 ]
   [0.04       0.09465021 0.        ]
   [0.032      0.09053498 0.        ]]

  [[0.052      0.07407407 0.00843882]
   [0.056      0.07407407 0.02531646]
   [0.06       0.0781893  0.02109705]
   ...
   [0.152      0.18930041 0.05063291]
   [0.044      0.09876543 0.        ]
   [0.032      0.09053498 0.        ]]]


 ...


 [[[0.         0.         0.        ]
   [0.05050505 0.1        0.07777778]
   [0.3030303  0.55217391 0.54444444]
   ...
   [0.72727273 0.90434783 0.95      ]
   [0.72727273 0.90434783 0.95      ]
   [0.72727273 0.90434783 0.95      ]]

  [[0.         0.         0.        ]
   [0.06060606 0.12608696 0.10555556]
   [0.3030303  0.56086957 0.55555556]
   ...
   [0.72727273 0.90434783 0.95      ]
   [0.72727273 0.90434783 0.95      ]
   [0.72727273 0.90434783 0.95      ]]

  [[0.         0.         0.        ]
   [0.08080808 0.15652174 0.13888889]
   [0.3030303  0.57826087 0.57222222]
   ...
   [0.72727273 0.90434783 0.95      ]
   [0.72727273 0.90434783 0.95      ]
   [0.72727273 0.90434783 0.95      ]]

  ...

  [[0.         0.00869565 0.        ]
   [0.02525253 0.00434783 0.02222222]
   [0.         0.         0.        ]
   ...
   [0.28282828 0.50869565 0.08333333]
   [0.29292929 0.52173913 0.09444444]
   [0.28282828 0.53478261 0.11111111]]

  [[0.         0.01304348 0.        ]
   [0.01010101 0.         0.01666667]
   [0.02020202 0.00434783 0.01111111]
   ...
   [0.22222222 0.43913043 0.02222222]
   [0.24242424 0.45652174 0.03333333]
   [0.23232323 0.47391304 0.05      ]]

  [[0.         0.0173913  0.        ]
   [0.00505051 0.         0.01666667]
   [0.03030303 0.01304348 0.03333333]
   ...
   [0.15656566 0.35217391 0.01111111]
   [0.18181818 0.37826087 0.01666667]
   [0.17676768 0.39565217 0.01666667]]]


 [[[0.6627451  0.56862745 0.35655738]
   [0.68235294 0.60392157 0.43032787]
   [0.72941176 0.69019608 0.45901639]
   ...
   [0.72941176 0.68235294 0.00409836]
   [0.72941176 0.68235294 0.02459016]
   [0.72941176 0.68627451 0.0204918 ]]

  [[0.67058824 0.58039216 0.25409836]
   [0.70980392 0.63921569 0.36065574]
   [0.82352941 0.79215686 0.48770492]
   ...
   [0.7372549  0.68627451 0.00409836]
   [0.7372549  0.68235294 0.0204918 ]
   [0.7372549  0.68235294 0.01639344]]

  [[0.70980392 0.63921569 0.1352459 ]
   [0.80784314 0.75294118 0.31557377]
   [0.9372549  0.90980392 0.48770492]
   ...
   [0.74117647 0.68627451 0.00409836]
   [0.74117647 0.68235294 0.01229508]
   [0.74117647 0.68235294 0.00409836]]

  ...

  [[0.03921569 0.24313725 0.08196721]
   [0.02352941 0.23921569 0.08606557]
   [0.00392157 0.23529412 0.0942623 ]
   ...
   [0.10588235 0.14117647 0.        ]
   [0.10588235 0.1372549  0.        ]
   [0.10588235 0.1372549  0.        ]]

  [[0.03529412 0.24705882 0.08606557]
   [0.01960784 0.24313725 0.09016393]
   [0.00392157 0.23529412 0.09836066]
   ...
   [0.11372549 0.16078431 0.00409836]
   [0.11372549 0.16078431 0.00409836]
   [0.11372549 0.16078431 0.00409836]]

  [[0.03529412 0.24705882 0.08606557]
   [0.01960784 0.24313725 0.09016393]
   [0.00392157 0.23529412 0.09836066]
   ...
   [0.11764706 0.16078431 0.00409836]
   [0.11764706 0.16078431 0.00409836]
   [0.11764706 0.16078431 0.00409836]]]


 [[[0.05833333 0.06956522 0.1023622 ]
   [0.05416667 0.06521739 0.0984252 ]
   [0.05833333 0.06956522 0.1023622 ]
   ...
   [0.14583333 0.1        0.1023622 ]
   [0.14583333 0.1        0.1023622 ]
   [0.14583333 0.1        0.1023622 ]]

  [[0.07083333 0.08695652 0.11023622]
   [0.06666667 0.0826087  0.10629921]
   [0.07083333 0.08695652 0.11023622]
   ...
   [0.15833333 0.1173913  0.11811024]
   [0.15833333 0.1173913  0.11811024]
   [0.15833333 0.1173913  0.11811024]]

  [[0.075      0.09130435 0.10629921]
   [0.075      0.09130435 0.10629921]
   [0.075      0.09130435 0.11023622]
   ...
   [0.16666667 0.13913043 0.13385827]
   [0.16666667 0.13913043 0.13385827]
   [0.16666667 0.13913043 0.13385827]]

  ...

  [[0.04166667 0.04782609 0.08267717]
   [0.04166667 0.04782609 0.08661417]
   [0.0375     0.03913043 0.09055118]
   ...
   [0.04583333 0.04782609 0.09448819]
   [0.04583333 0.04782609 0.09448819]
   [0.04583333 0.04782609 0.09448819]]

  [[0.04166667 0.04782609 0.08267717]
   [0.04166667 0.04782609 0.08661417]
   [0.0375     0.03913043 0.09055118]
   ...
   [0.04583333 0.04782609 0.09448819]
   [0.04583333 0.04782609 0.09448819]
   [0.04583333 0.04782609 0.09448819]]

  [[0.04166667 0.04782609 0.08267717]
   [0.04166667 0.04782609 0.08661417]
   [0.0375     0.03913043 0.09055118]
   ...
   [0.04583333 0.04782609 0.09448819]
   [0.04583333 0.04782609 0.09448819]
   [0.04583333 0.04782609 0.09448819]]]]