[[[[0.26582278 0.37246964 0.23137255]
   [0.27004219 0.36032389 0.20392157]
   [0.26582278 0.36032389 0.2       ]
   ...
   [0.63291139 0.56680162 0.37254902]
   [0.59493671 0.5465587  0.35686275]
   [0.55696203 0.51417004 0.38431373]]

  [[0.27004219 0.36842105 0.23137255]
   [0.2742616  0.36437247 0.20392157]
   [0.25738397 0.35222672 0.18823529]
   ...
   [0.63291139 0.56275304 0.36862745]
   [0.61181435 0.55870445 0.36862745]
   [0.57383966 0.53036437 0.38039216]]

  [[0.25738397 0.3562753  0.2       ]
   [0.25738397 0.34817814 0.18431373]
   [0.24894515 0.34008097 0.18039216]
   ...
   [0.63291139 0.56275304 0.34901961]
   [0.62447257 0.56680162 0.38039216]
   [0.58649789 0.54251012 0.38039216]]

  ...

  [[0.52742616 0.36032389 0.06666667]
   [0.51476793 0.32388664 0.02352941]
   [0.86919831 0.72874494 0.39607843]
   ...
   [0.62025316 0.60323887 0.58823529]
   [0.34177215 0.32793522 0.12941176]
   [0.32067511 0.29554656 0.09411765]]

  [[0.45991561 0.30364372 0.04313725]
   [0.67088608 0.51012146 0.22352941]
   [0.96624473 0.86639676 0.63137255]
   ...
   [0.6371308  0.6194332  0.61960784]
   [0.38818565 0.37651822 0.18823529]
   [0.35443038 0.32793522 0.10588235]]

  [[0.6835443  0.53036437 0.24313725]
   [0.87341772 0.75708502 0.51372549]
   [0.94092827 0.87044534 0.69803922]
   ...
   [0.73839662 0.71659919 0.7254902 ]
   [0.52742616 0.50607287 0.40392157]
   [0.35443038 0.33603239 0.08627451]]]


 [[[0.13274336 0.06521739 0.        ]
   [0.16814159 0.1173913  0.0212766 ]
   [0.22566372 0.16956522 0.04680851]
   ...
   [0.13274336 0.05217391 0.00425532]
   [0.2079646  0.13478261 0.02978723]
   [0.34513274 0.29565217 0.05957447]]

  [[0.12389381 0.06521739 0.0212766 ]
   [0.15929204 0.11304348 0.02553191]
   [0.21238938 0.16521739 0.02553191]
   ...
   [0.13274336 0.04347826 0.01276596]
   [0.19026549 0.10434783 0.01276596]
   [0.33628319 0.25652174 0.05531915]]

  [[0.13716814 0.07391304 0.        ]
   [0.14159292 0.10434783 0.        ]
   [0.19911504 0.16086957 0.0212766 ]
   ...
   [0.13716814 0.1173913  0.02978723]
   [0.16814159 0.13478261 0.01702128]
   [0.27876106 0.23478261 0.05106383]]

  ...

  [[0.22566372 0.30434783 0.01702128]
   [0.22566372 0.3        0.01702128]
   [0.23451327 0.3        0.02553191]
   ...
   [0.56637168 0.49565217 0.31914894]
   [0.57079646 0.46521739 0.2893617 ]
   [0.37168142 0.29565217 0.13617021]]

  [[0.23893805 0.30434783 0.02978723]
   [0.22123894 0.28695652 0.01276596]
   [0.22566372 0.28695652 0.0212766 ]
   ...
   [0.57522124 0.47391304 0.29787234]
   [0.4380531  0.33043478 0.17021277]
   [0.24778761 0.18695652 0.05957447]]

  [[0.21681416 0.27826087 0.01276596]
   [0.20353982 0.26956522 0.00425532]
   [0.21681416 0.2826087  0.01276596]
   ...
   [0.57079646 0.4826087  0.2893617 ]
   [0.32300885 0.23043478 0.07659574]
   [0.2079646  0.15652174 0.04255319]]]


 [[[0.02745098 0.00784314 0.01568627]
   [0.05882353 0.07058824 0.03921569]
   [0.10980392 0.17647059 0.05098039]
   ...
   [0.49803922 0.48627451 0.44313725]
   [0.46666667 0.45490196 0.40784314]
   [0.4627451  0.44705882 0.40392157]]

  [[0.06666667 0.03921569 0.02745098]
   [0.08235294 0.09019608 0.05882353]
   [0.0627451  0.12941176 0.02745098]
   ...
   [0.43137255 0.42352941 0.38039216]
   [0.42745098 0.41960784 0.37647059]
   [0.45098039 0.43921569 0.40392157]]

  [[0.19215686 0.16470588 0.12941176]
   [0.10588235 0.09411765 0.0627451 ]
   [0.02745098 0.08235294 0.01568627]
   ...
   [0.39215686 0.38431373 0.35294118]
   [0.30588235 0.29411765 0.27058824]
   [0.36470588 0.35686275 0.3254902 ]]

  ...

  [[0.09019608 0.19215686 0.03529412]
   [0.2745098  0.39215686 0.09411765]
   [0.33333333 0.44705882 0.11764706]
   ...
   [0.02745098 0.07843137 0.00784314]
   [0.04313725 0.09803922 0.01176471]
   [0.05882353 0.11764706 0.01568627]]

  [[0.31372549 0.44313725 0.09803922]
   [0.32156863 0.44705882 0.11764706]
   [0.34117647 0.4627451  0.11372549]
   ...
   [0.09803922 0.17254902 0.02352941]
   [0.1254902  0.20392157 0.03529412]
   [0.1372549  0.21176471 0.04313725]]

  [[0.3372549  0.4627451  0.10588235]
   [0.36470588 0.50980392 0.10588235]
   [0.36470588 0.48627451 0.1254902 ]
   ...
   [0.15294118 0.25490196 0.07843137]
   [0.19607843 0.29019608 0.09803922]
   [0.21960784 0.30980392 0.12156863]]]


 ...


 [[[0.11764706 0.1254902  0.08627451]
   [0.12156863 0.12941176 0.09019608]
   [0.14117647 0.14901961 0.10588235]
   ...
   [0.51764706 0.54509804 0.56078431]
   [0.49019608 0.5254902  0.56862745]
   [0.50588235 0.65882353 0.67058824]]

  [[0.07843137 0.11764706 0.07843137]
   [0.08627451 0.1254902  0.08627451]
   [0.09019608 0.13333333 0.09411765]
   ...
   [0.54901961 0.57254902 0.59215686]
   [0.4745098  0.50980392 0.55686275]
   [0.5372549  0.67058824 0.69019608]]

  [[0.05882353 0.09803922 0.0745098 ]
   [0.05098039 0.09019608 0.0627451 ]
   [0.05490196 0.09411765 0.07058824]
   ...
   [0.56862745 0.59215686 0.61176471]
   [0.4745098  0.50980392 0.55686275]
   [0.57254902 0.67843137 0.70588235]]

  ...

  [[0.08627451 0.09803922 0.02745098]
   [0.13333333 0.14117647 0.01176471]
   [0.25490196 0.28235294 0.04705882]
   ...
   [0.21176471 0.29019608 0.        ]
   [0.22745098 0.28627451 0.00392157]
   [0.23529412 0.28627451 0.01176471]]

  [[0.10588235 0.09803922 0.01176471]
   [0.15686275 0.14117647 0.00784314]
   [0.27843137 0.2745098  0.05490196]
   ...
   [0.21176471 0.3254902  0.03137255]
   [0.20784314 0.31372549 0.01960784]
   [0.20392157 0.30980392 0.02352941]]

  [[0.10588235 0.09803922 0.02352941]
   [0.15686275 0.14901961 0.01176471]
   [0.27058824 0.28235294 0.04705882]
   ...
   [0.25490196 0.34901961 0.09019608]
   [0.25490196 0.35686275 0.08627451]
   [0.23921569 0.34509804 0.06666667]]]


 [[[0.57647059 0.60245902 0.39215686]
   [0.49803922 0.52459016 0.30588235]
   [0.5254902  0.56557377 0.3372549 ]
   ...
   [0.29411765 0.42622951 0.21568627]
   [0.29411765 0.42622951 0.21568627]
   [0.29411765 0.42622951 0.21568627]]

  [[0.56078431 0.58606557 0.37647059]
   [0.50980392 0.53688525 0.31764706]
   [0.51764706 0.55737705 0.3254902 ]
   ...
   [0.30196078 0.42213115 0.21568627]
   [0.30196078 0.42213115 0.21568627]
   [0.30196078 0.42213115 0.21568627]]

  [[0.5372549  0.56147541 0.35294118]
   [0.53333333 0.56147541 0.34117647]
   [0.49803922 0.53688525 0.30588235]
   ...
   [0.30196078 0.42213115 0.21568627]
   [0.30196078 0.42213115 0.21568627]
   [0.30196078 0.42213115 0.21568627]]

  ...

  [[0.43921569 0.5        0.3372549 ]
   [0.36470588 0.43032787 0.2745098 ]
   [0.35686275 0.44262295 0.28235294]
   ...
   [0.36470588 0.46311475 0.10980392]
   [0.34509804 0.44672131 0.08627451]
   [0.33333333 0.43442623 0.0745098 ]]

  [[0.36470588 0.43032787 0.24705882]
   [0.28235294 0.36065574 0.16862745]
   [0.22352941 0.31557377 0.11372549]
   ...
   [0.3372549  0.44262295 0.10980392]
   [0.33333333 0.43442623 0.10196078]
   [0.32941176 0.43442623 0.10196078]]

  [[0.30980392 0.3852459  0.17254902]
   [0.26666667 0.34836066 0.12941176]
   [0.26666667 0.3647541  0.1254902 ]
   ...
   [0.31764706 0.42622951 0.10588235]
   [0.3254902  0.43032787 0.11764706]
   [0.3254902  0.43442623 0.1254902 ]]]


 [[[0.44444444 0.44295302 0.452     ]
   [0.44444444 0.44295302 0.452     ]
   [0.44444444 0.44295302 0.452     ]
   ...
   [0.97222222 0.98657718 0.96      ]
   [0.97222222 0.98657718 0.968     ]
   [0.97222222 0.98657718 0.972     ]]

  [[0.43518519 0.43624161 0.448     ]
   [0.43518519 0.43624161 0.448     ]
   [0.43518519 0.43624161 0.448     ]
   ...
   [0.97222222 0.98657718 0.96      ]
   [0.97222222 0.98657718 0.968     ]
   [0.9537037  0.97315436 0.964     ]]

  [[0.43518519 0.43624161 0.448     ]
   [0.43518519 0.43624161 0.448     ]
   [0.43518519 0.43624161 0.448     ]
   ...
   [0.98148148 0.99328859 0.96      ]
   [0.96296296 0.97986577 0.968     ]
   [0.93518519 0.95973154 0.956     ]]

  ...

  [[0.4537037  0.40939597 0.368     ]
   [0.44444444 0.40939597 0.356     ]
   [0.42592593 0.39597315 0.348     ]
   ...
   [0.74074074 0.67114094 0.616     ]
   [0.75       0.67785235 0.616     ]
   [0.75       0.67785235 0.62      ]]

  [[0.46296296 0.41610738 0.372     ]
   [0.4537037  0.40939597 0.368     ]
   [0.43518519 0.40268456 0.352     ]
   ...
   [0.72222222 0.65771812 0.608     ]
   [0.74074074 0.67114094 0.616     ]
   [0.74074074 0.67114094 0.616     ]]

  [[0.46296296 0.41610738 0.372     ]
   [0.4537037  0.40939597 0.368     ]
   [0.44444444 0.40268456 0.36      ]
   ...
   [0.69444444 0.63758389 0.596     ]
   [0.7037037  0.6442953  0.6       ]
   [0.7037037  0.6442953  0.6       ]]]]
[[[[0.6043956  0.60795455 0.67164179]
   [0.64285714 0.65340909 0.72139303]
   [0.66483516 0.67613636 0.74129353]
   ...
   [0.69230769 0.69886364 0.75124378]
   [0.6978022  0.70454545 0.76119403]
   [0.69230769 0.69886364 0.76119403]]

  [[0.5989011  0.60227273 0.66666667]
   [0.64285714 0.64772727 0.71144279]
   [0.66483516 0.66477273 0.73631841]
   ...
   [0.6978022  0.70454545 0.75124378]
   [0.69230769 0.69886364 0.75621891]
   [0.67582418 0.68181818 0.74626866]]

  [[0.59340659 0.59090909 0.64676617]
   [0.63186813 0.63068182 0.68656716]
   [0.65384615 0.64772727 0.71641791]
   ...
   [0.70879121 0.71590909 0.76616915]
   [0.69230769 0.69886364 0.75124378]
   [0.65384615 0.65909091 0.73134328]]

  ...

  [[0.09340659 0.09659091 0.12935323]
   [0.09340659 0.09659091 0.12935323]
   [0.08791209 0.09090909 0.12935323]
   ...
   [0.56043956 0.53977273 0.61691542]
   [0.55494505 0.53409091 0.6119403 ]
   [0.56593407 0.54545455 0.62189055]]

  [[0.09340659 0.09659091 0.12935323]
   [0.09340659 0.09659091 0.12935323]
   [0.0989011  0.10227273 0.13432836]
   ...
   [0.57142857 0.55113636 0.62686567]
   [0.56593407 0.54545455 0.62189055]
   [0.56593407 0.54545455 0.62189055]]

  [[0.09340659 0.09659091 0.12935323]
   [0.09340659 0.09659091 0.12935323]
   [0.0989011  0.10227273 0.13432836]
   ...
   [0.58241758 0.5625     0.63681592]
   [0.57142857 0.55113636 0.62686567]
   [0.57142857 0.55113636 0.62686567]]]


 [[[0.85245902 0.87551867 0.90322581]
   [0.84836066 0.86307054 0.89516129]
   [0.8647541  0.87551867 0.90725806]
   ...
   [0.02868852 0.02904564 0.07258065]
   [0.0204918  0.01659751 0.05645161]
   [0.01639344 0.00829876 0.05241935]]

  [[0.87704918 0.88381743 0.91935484]
   [0.88114754 0.89626556 0.92741935]
   [0.8647541  0.88381743 0.91129032]
   ...
   [0.03278689 0.03319502 0.06048387]
   [0.02459016 0.01659751 0.05645161]
   [0.00819672 0.00829876 0.05241935]]

  [[0.90983607 0.92116183 0.95967742]
   [0.90163934 0.92116183 0.94758065]
   [0.89344262 0.91286307 0.92741935]
   ...
   [0.02868852 0.0373444  0.06451613]
   [0.0204918  0.01244813 0.05645161]
   [0.00819672 0.00414938 0.0483871 ]]

  ...

  [[0.68032787 0.68879668 0.71370968]
   [0.71311475 0.71369295 0.73387097]
   [0.74180328 0.75518672 0.77822581]
   ...
   [0.58606557 0.56846473 0.50403226]
   [0.68442623 0.67219917 0.62903226]
   [0.7295082  0.69294606 0.66935484]]

  [[0.81147541 0.82572614 0.84677419]
   [0.84836066 0.87136929 0.88709677]
   [0.88934426 0.91701245 0.93548387]
   ...
   [0.59836066 0.57261411 0.5       ]
   [0.69672131 0.66804979 0.62903226]
   [0.72131148 0.6846473  0.65322581]]

  [[0.91393443 0.93360996 0.95564516]
   [0.90983607 0.93360996 0.95564516]
   [0.92213115 0.94190871 0.96774194]
   ...
   [0.60655738 0.57676349 0.50806452]
   [0.70901639 0.67219917 0.62096774]
   [0.70901639 0.66804979 0.64112903]]]


 [[[0.52156863 0.50588235 0.45882353]
   [0.4745098  0.47843137 0.42745098]
   [0.42352941 0.40392157 0.38039216]
   ...
   [0.64313725 0.6627451  0.57647059]
   [0.65098039 0.6627451  0.56862745]
   [0.56862745 0.60784314 0.50980392]]

  [[0.4745098  0.4745098  0.43921569]
   [0.4        0.40392157 0.37254902]
   [0.36078431 0.3254902  0.34117647]
   ...
   [0.56078431 0.58039216 0.5254902 ]
   [0.54901961 0.56470588 0.50196078]
   [0.50588235 0.5372549  0.4745098 ]]

  [[0.41176471 0.41176471 0.40784314]
   [0.36078431 0.34117647 0.36078431]
   [0.29019608 0.23529412 0.29803922]
   ...
   [0.4627451  0.49019608 0.42745098]
   [0.4745098  0.49803922 0.43137255]
   [0.4627451  0.50196078 0.43529412]]

  ...

  [[0.10980392 0.04705882 0.16078431]
   [0.10980392 0.04705882 0.16078431]
   [0.09411765 0.03137255 0.14509804]
   ...
   [0.18823529 0.09019608 0.31764706]
   [0.18431373 0.07843137 0.31764706]
   [0.18823529 0.07843137 0.32156863]]

  [[0.10588235 0.04313725 0.15686275]
   [0.10588235 0.04313725 0.15686275]
   [0.10196078 0.03921569 0.15294118]
   ...
   [0.2        0.09019608 0.32156863]
   [0.20784314 0.09803922 0.33333333]
   [0.20784314 0.09803922 0.34117647]]

  [[0.09411765 0.03137255 0.14509804]
   [0.09411765 0.03529412 0.14901961]
   [0.10196078 0.03921569 0.15686275]
   ...
   [0.2        0.08235294 0.31764706]
   [0.20392157 0.09803922 0.3372549 ]
   [0.19607843 0.08627451 0.32941176]]]


 ...


 [[[0.82352941 0.75686275 0.89803922]
   [0.90980392 0.92156863 0.98823529]
   [0.93333333 1.         1.        ]
   ...
   [0.84705882 0.47058824 0.61960784]
   [0.84705882 0.47058824 0.61960784]
   [0.84705882 0.47058824 0.61960784]]

  [[0.81960784 0.75294118 0.89411765]
   [0.90196078 0.91764706 0.98039216]
   [0.93333333 1.         1.        ]
   ...
   [0.84313725 0.45490196 0.60392157]
   [0.84313725 0.45490196 0.60392157]
   [0.84313725 0.45490196 0.60392157]]

  [[0.81176471 0.74509804 0.88627451]
   [0.89803922 0.91372549 0.97647059]
   [0.9372549  1.         1.        ]
   ...
   [0.83921569 0.43921569 0.58823529]
   [0.83921569 0.43921569 0.58823529]
   [0.83921569 0.43921569 0.58823529]]

  ...

  [[0.30588235 0.27843137 0.16470588]
   [0.32156863 0.29019608 0.17647059]
   [0.3254902  0.28627451 0.17254902]
   ...
   [0.14509804 0.26666667 0.14117647]
   [0.14509804 0.26666667 0.14117647]
   [0.14509804 0.26666667 0.14117647]]

  [[0.31372549 0.29019608 0.17254902]
   [0.30980392 0.28235294 0.16862745]
   [0.32941176 0.29411765 0.18039216]
   ...
   [0.14509804 0.26666667 0.14117647]
   [0.14509804 0.26666667 0.14117647]
   [0.14509804 0.26666667 0.14117647]]

  [[0.31372549 0.29803922 0.18039216]
   [0.30196078 0.28235294 0.16862745]
   [0.32941176 0.30196078 0.18823529]
   ...
   [0.14509804 0.26666667 0.14117647]
   [0.14509804 0.26666667 0.14117647]
   [0.14509804 0.26666667 0.14117647]]]


 [[[0.41176471 0.10980392 0.28627451]
   [0.50980392 0.09803922 0.32941176]
   [0.42352941 0.04705882 0.25490196]
   ...
   [0.54901961 0.24313725 0.43921569]
   [0.5372549  0.23921569 0.43137255]
   [0.5372549  0.23529412 0.44705882]]

  [[0.70196078 0.34901961 0.59607843]
   [0.4627451  0.05098039 0.28235294]
   [0.37254902 0.03921569 0.20784314]
   ...
   [0.54509804 0.23921569 0.43529412]
   [0.5372549  0.23921569 0.43137255]
   [0.5372549  0.23529412 0.44705882]]

  [[0.63921569 0.2745098  0.54901961]
   [0.43137255 0.08627451 0.25882353]
   [0.25882353 0.03921569 0.11372549]
   ...
   [0.54509804 0.23921569 0.43137255]
   [0.5372549  0.23921569 0.43137255]
   [0.5372549  0.23529412 0.44705882]]

  ...

  [[0.15686275 0.23137255 0.0745098 ]
   [0.21176471 0.48235294 0.19607843]
   [0.31764706 0.4745098  0.21568627]
   ...
   [0.33333333 0.60784314 0.29803922]
   [0.34901961 0.62745098 0.31764706]
   [0.34117647 0.62745098 0.30980392]]

  [[0.15686275 0.24313725 0.09411765]
   [0.21960784 0.50980392 0.18823529]
   [0.3372549  0.45882353 0.23921569]
   ...
   [0.10980392 0.35294118 0.0745098 ]
   [0.16078431 0.40392157 0.1254902 ]
   [0.2        0.45490196 0.16862745]]

  [[0.15686275 0.25882353 0.11372549]
   [0.21960784 0.5254902  0.16862745]
   [0.36470588 0.44705882 0.26666667]
   ...
   [0.03529412 0.25490196 0.00392157]
   [0.03529412 0.25490196 0.        ]
   [0.03921569 0.26666667 0.00392157]]]


 [[[0.67213115 0.7167382  0.69037657]
   [0.66393443 0.69527897 0.66527197]
   [0.64344262 0.65236052 0.61506276]
   ...
   [0.56147541 0.54506438 0.51046025]
   [0.56147541 0.54506438 0.51046025]
   [0.56147541 0.54506438 0.51046025]]

  [[0.67213115 0.70815451 0.66108787]
   [0.65163934 0.68240343 0.62761506]
   [0.61065574 0.63519313 0.56485356]
   ...
   [0.56147541 0.54506438 0.51046025]
   [0.56147541 0.54506438 0.51046025]
   [0.56147541 0.54506438 0.51046025]]

  [[0.68442623 0.67811159 0.63179916]
   [0.67213115 0.6695279  0.61087866]
   [0.63934426 0.64806867 0.56485356]
   ...
   [0.56147541 0.54506438 0.51046025]
   [0.56147541 0.54506438 0.51046025]
   [0.56147541 0.54506438 0.51046025]]

  ...

  [[0.15163934 0.26609442 0.18410042]
   [0.16803279 0.27038627 0.19246862]
   [0.13934426 0.21888412 0.15899582]
   ...
   [0.09836066 0.10300429 0.10878661]
   [0.09836066 0.10300429 0.10878661]
   [0.09836066 0.10300429 0.10878661]]

  [[0.15163934 0.26609442 0.18410042]
   [0.16803279 0.27038627 0.19246862]
   [0.13934426 0.21888412 0.15899582]
   ...
   [0.09836066 0.10300429 0.10878661]
   [0.09836066 0.10300429 0.10878661]
   [0.09836066 0.10300429 0.10878661]]

  [[0.15163934 0.26609442 0.18410042]
   [0.16803279 0.27038627 0.19246862]
   [0.13934426 0.21888412 0.15899582]
   ...
   [0.09836066 0.10300429 0.10878661]
   [0.09836066 0.10300429 0.10878661]
   [0.09836066 0.10300429 0.10878661]]]]
[[[[0.17647059 0.256917   0.11428571]
   [0.2        0.29249012 0.14693878]
   [0.21960784 0.31620553 0.11836735]
   ...
   [0.14117647 0.18577075 0.11836735]
   [0.14117647 0.18577075 0.11428571]
   [0.15686275 0.20158103 0.13061224]]

  [[0.16078431 0.23715415 0.11020408]
   [0.19607843 0.28853755 0.14285714]
   [0.18823529 0.28063241 0.10612245]
   ...
   [0.1372549  0.17391304 0.11020408]
   [0.14117647 0.17786561 0.11428571]
   [0.1372549  0.17391304 0.11020408]]

  [[0.16862745 0.24505929 0.12244898]
   [0.18431373 0.27667984 0.11428571]
   [0.16078431 0.25296443 0.10204082]
   ...
   [0.15686275 0.17391304 0.12653061]
   [0.12941176 0.14624506 0.09795918]
   [0.13333333 0.15019763 0.10204082]]

  ...

  [[0.25490196 0.2055336  0.11428571]
   [0.20784314 0.17786561 0.09795918]
   [0.18039216 0.15810277 0.09795918]
   ...
   [0.01568627 0.02766798 0.0122449 ]
   [0.02352941 0.03557312 0.01632653]
   [0.03921569 0.05928854 0.03673469]]

  [[0.24313725 0.20158103 0.11428571]
   [0.2        0.16996047 0.09387755]
   [0.17647059 0.15810277 0.09795918]
   ...
   [0.04313725 0.05928854 0.04081633]
   [0.04313725 0.06719368 0.04081633]
   [0.04705882 0.07509881 0.04897959]]

  [[0.23137255 0.18972332 0.10612245]
   [0.19215686 0.16600791 0.09795918]
   [0.17254902 0.1541502  0.09795918]
   ...
   [0.05098039 0.08300395 0.06122449]
   [0.05098039 0.08695652 0.05714286]
   [0.05490196 0.09486166 0.06122449]]]


 [[[0.15294118 0.21568627 0.03921569]
   [0.15294118 0.20392157 0.03921569]
   [0.14117647 0.18431373 0.04705882]
   ...
   [0.57254902 0.50196078 0.40392157]
   [0.6        0.50588235 0.38039216]
   [0.60784314 0.51764706 0.37647059]]

  [[0.14509804 0.21568627 0.03921569]
   [0.14117647 0.20784314 0.03921569]
   [0.1254902  0.18039216 0.04313725]
   ...
   [0.6        0.5372549  0.45098039]
   [0.63529412 0.54117647 0.43137255]
   [0.64705882 0.54901961 0.43529412]]

  [[0.13333333 0.20784314 0.04705882]
   [0.1372549  0.20392157 0.04705882]
   [0.1254902  0.18823529 0.04705882]
   ...
   [0.63921569 0.57647059 0.50980392]
   [0.66666667 0.59607843 0.50588235]
   [0.66666667 0.59215686 0.50196078]]

  ...

  [[0.13333333 0.17647059 0.03921569]
   [0.1372549  0.18431373 0.03529412]
   [0.1372549  0.18431373 0.04705882]
   ...
   [0.15686275 0.25490196 0.06666667]
   [0.16078431 0.26666667 0.07058824]
   [0.15686275 0.25098039 0.05490196]]

  [[0.12156863 0.16862745 0.02745098]
   [0.1372549  0.18431373 0.03529412]
   [0.1372549  0.18431373 0.04705882]
   ...
   [0.20392157 0.28235294 0.09019608]
   [0.18431373 0.26666667 0.0745098 ]
   [0.16470588 0.23921569 0.05490196]]

  [[0.12941176 0.17254902 0.03529412]
   [0.12941176 0.17647059 0.03137255]
   [0.1254902  0.17254902 0.03529412]
   ...
   [0.21568627 0.29411765 0.10196078]
   [0.21960784 0.29019608 0.10588235]
   [0.18039216 0.2627451  0.07843137]]]


 [[[0.41232227 0.42028986 0.34117647]
   [0.39336493 0.39130435 0.3254902 ]
   [0.36492891 0.33816425 0.2627451 ]
   ...
   [0.86729858 0.91304348 0.87843137]
   [0.84834123 0.88888889 0.84313725]
   [0.82938389 0.87439614 0.81568627]]

  [[0.37440758 0.35748792 0.23921569]
   [0.32701422 0.30434783 0.15294118]
   [0.27962085 0.24637681 0.05098039]
   ...
   [0.84834123 0.88888889 0.85882353]
   [0.81516588 0.85024155 0.81568627]
   [0.78672986 0.82608696 0.78039216]]

  [[0.492891   0.46859903 0.27058824]
   [0.4549763  0.41545894 0.1254902 ]
   [0.40758294 0.36231884 0.        ]
   ...
   [0.85781991 0.89855072 0.87058824]
   [0.8056872  0.84541063 0.81176471]
   [0.74881517 0.79227053 0.75294118]]

  ...

  [[0.16113744 0.23188406 0.00392157]
   [0.16113744 0.23671498 0.        ]
   [0.17535545 0.26570048 0.        ]
   ...
   [0.54028436 0.46859903 0.30588235]
   [0.36966825 0.35748792 0.10588235]
   [0.30331754 0.37681159 0.09411765]]

  [[0.17061611 0.24154589 0.00392157]
   [0.18009479 0.25120773 0.        ]
   [0.20379147 0.28019324 0.00784314]
   ...
   [0.4028436  0.38647343 0.14509804]
   [0.36018957 0.40096618 0.14509804]
   [0.28436019 0.36714976 0.18039216]]

  [[0.16587678 0.23671498 0.        ]
   [0.18483412 0.25603865 0.        ]
   [0.21327014 0.29468599 0.01176471]
   ...
   [0.36018957 0.40096618 0.14901961]
   [0.42654028 0.49275362 0.31764706]
   [0.36492891 0.44444444 0.2627451 ]]]


 ...


 [[[0.49019608 0.54117647 0.48235294]
   [0.49411765 0.5372549  0.54509804]
   [0.2745098  0.34509804 0.25882353]
   ...
   [0.44313725 0.49803922 0.53333333]
   [0.44313725 0.49803922 0.53333333]
   [0.44313725 0.49803922 0.53333333]]

  [[0.48627451 0.53333333 0.47058824]
   [0.50196078 0.54509804 0.56078431]
   [0.2745098  0.34509804 0.2627451 ]
   ...
   [0.44313725 0.49803922 0.53333333]
   [0.44313725 0.49803922 0.53333333]
   [0.44313725 0.49803922 0.53333333]]

  [[0.47843137 0.52941176 0.45098039]
   [0.51372549 0.55686275 0.57647059]
   [0.27058824 0.34117647 0.26666667]
   ...
   [0.44313725 0.49803922 0.53333333]
   [0.44313725 0.49803922 0.53333333]
   [0.44313725 0.49803922 0.53333333]]

  ...

  [[0.02745098 0.09803922 0.0627451 ]
   [0.47058824 0.54509804 0.55294118]
   [0.4        0.51764706 0.38039216]
   ...
   [0.41568627 0.49411765 0.57254902]
   [0.41176471 0.50980392 0.58431373]
   [0.40784314 0.50588235 0.58431373]]

  [[0.38039216 0.45098039 0.43529412]
   [0.45882353 0.5254902  0.60392157]
   [0.39215686 0.51372549 0.36470588]
   ...
   [0.38039216 0.47058824 0.62352941]
   [0.36862745 0.4627451  0.62352941]
   [0.36862745 0.43921569 0.63529412]]

  [[0.52156863 0.58431373 0.6       ]
   [0.49411765 0.55686275 0.63137255]
   [0.40392157 0.5254902  0.36078431]
   ...
   [0.28235294 0.38039216 0.45882353]
   [0.30196078 0.38823529 0.43921569]
   [0.34117647 0.40784314 0.39215686]]]


 [[[0.         0.         0.        ]
   [0.         0.         0.        ]
   [0.         0.         0.        ]
   ...
   [0.52941176 0.51372549 0.51764706]
   [0.12941176 0.12156863 0.12156863]
   [0.         0.         0.        ]]

  [[0.         0.         0.        ]
   [0.         0.         0.        ]
   [0.         0.         0.        ]
   ...
   [0.52156863 0.50588235 0.50980392]
   [0.12156863 0.11372549 0.11764706]
   [0.         0.         0.        ]]

  [[0.         0.         0.        ]
   [0.         0.         0.        ]
   [0.         0.         0.        ]
   ...
   [0.65882353 0.63921569 0.64313725]
   [0.14117647 0.13333333 0.13333333]
   [0.         0.         0.        ]]

  ...

  [[0.         0.         0.01960784]
   [0.         0.         0.01568627]
   [0.         0.         0.01176471]
   ...
   [0.         0.         0.        ]
   [0.         0.         0.        ]
   [0.         0.         0.        ]]

  [[0.         0.         0.01960784]
   [0.         0.         0.01568627]
   [0.         0.         0.01176471]
   ...
   [0.         0.         0.        ]
   [0.         0.         0.        ]
   [0.         0.         0.        ]]

  [[0.         0.         0.01960784]
   [0.         0.         0.01568627]
   [0.         0.         0.01176471]
   ...
   [0.         0.         0.        ]
   [0.         0.         0.        ]
   [0.         0.         0.        ]]]


 [[[0.06048387 0.16078431 0.02304147]
   [0.04032258 0.1372549  0.01382488]
   [0.05241935 0.14509804 0.05529954]
   ...
   [0.         0.02745098 0.        ]
   [0.         0.02745098 0.        ]
   [0.         0.02745098 0.        ]]

  [[0.07258065 0.17254902 0.01843318]
   [0.04032258 0.14117647 0.00921659]
   [0.03629032 0.13333333 0.03225806]
   ...
   [0.         0.02745098 0.        ]
   [0.         0.02745098 0.        ]
   [0.         0.02745098 0.        ]]

  [[0.09677419 0.20392157 0.01843318]
   [0.06451613 0.16862745 0.00921659]
   [0.0483871  0.14901961 0.02304147]
   ...
   [0.         0.02745098 0.        ]
   [0.         0.02745098 0.        ]
   [0.         0.02745098 0.        ]]

  ...

  [[0.0483871  0.15294118 0.01843318]
   [0.0483871  0.14901961 0.01843318]
   [0.04032258 0.14509804 0.00921659]
   ...
   [0.69758065 0.76862745 0.00460829]
   [0.70564516 0.77254902 0.01382488]
   [0.70967742 0.78039216 0.01843318]]

  [[0.0483871  0.15294118 0.02764977]
   [0.05241935 0.15686275 0.03686636]
   [0.05241935 0.15686275 0.03686636]
   ...
   [0.625      0.70980392 0.00460829]
   [0.62903226 0.71372549 0.00921659]
   [0.62903226 0.71764706 0.01382488]]

  [[0.0483871  0.15294118 0.03686636]
   [0.05645161 0.16078431 0.04608295]
   [0.06451613 0.16862745 0.05529954]
   ...
   [0.58064516 0.66666667 0.07373272]
   [0.5766129  0.6627451  0.06912442]
   [0.57258065 0.6627451  0.06451613]]]]