[[[[0.6043956  0.60795455 0.67164179]
   [0.64285714 0.65340909 0.72139303]
   [0.66483516 0.67613636 0.74129353]
   ...
   [0.69230769 0.69886364 0.75124378]
   [0.6978022  0.70454545 0.76119403]
   [0.69230769 0.69886364 0.76119403]]

  [[0.5989011  0.60227273 0.66666667]
   [0.64285714 0.64772727 0.71144279]
   [0.66483516 0.66477273 0.73631841]
   ...
   [0.6978022  0.70454545 0.75124378]
   [0.69230769 0.69886364 0.75621891]
   [0.67582418 0.68181818 0.74626866]]

  [[0.59340659 0.59090909 0.64676617]
   [0.63186813 0.63068182 0.68656716]
   [0.65384615 0.64772727 0.71641791]
   ...
   [0.70879121 0.71590909 0.76616915]
   [0.69230769 0.69886364 0.75124378]
   [0.65384615 0.65909091 0.73134328]]

  ...

  [[0.09340659 0.09659091 0.12935323]
   [0.09340659 0.09659091 0.12935323]
   [0.08791209 0.09090909 0.12935323]
   ...
   [0.56043956 0.53977273 0.61691542]
   [0.55494505 0.53409091 0.6119403 ]
   [0.56593407 0.54545455 0.62189055]]

  [[0.09340659 0.09659091 0.12935323]
   [0.09340659 0.09659091 0.12935323]
   [0.0989011  0.10227273 0.13432836]
   ...
   [0.57142857 0.55113636 0.62686567]
   [0.56593407 0.54545455 0.62189055]
   [0.56593407 0.54545455 0.62189055]]

  [[0.09340659 0.09659091 0.12935323]
   [0.09340659 0.09659091 0.12935323]
   [0.0989011  0.10227273 0.13432836]
   ...
   [0.58241758 0.5625     0.63681592]
   [0.57142857 0.55113636 0.62686567]
   [0.57142857 0.55113636 0.62686567]]]


 [[[0.85245902 0.87551867 0.90322581]
   [0.84836066 0.86307054 0.89516129]
   [0.8647541  0.87551867 0.90725806]
   ...
   [0.02868852 0.02904564 0.07258065]
   [0.0204918  0.01659751 0.05645161]
   [0.01639344 0.00829876 0.05241935]]

  [[0.87704918 0.88381743 0.91935484]
   [0.88114754 0.89626556 0.92741935]
   [0.8647541  0.88381743 0.91129032]
   ...
   [0.03278689 0.03319502 0.06048387]
   [0.02459016 0.01659751 0.05645161]
   [0.00819672 0.00829876 0.05241935]]

  [[0.90983607 0.92116183 0.95967742]
   [0.90163934 0.92116183 0.94758065]
   [0.89344262 0.91286307 0.92741935]
   ...
   [0.02868852 0.0373444  0.06451613]
   [0.0204918  0.01244813 0.05645161]
   [0.00819672 0.00414938 0.0483871 ]]

  ...

  [[0.68032787 0.68879668 0.71370968]
   [0.71311475 0.71369295 0.73387097]
   [0.74180328 0.75518672 0.77822581]
   ...
   [0.58606557 0.56846473 0.50403226]
   [0.68442623 0.67219917 0.62903226]
   [0.7295082  0.69294606 0.66935484]]

  [[0.81147541 0.82572614 0.84677419]
   [0.84836066 0.87136929 0.88709677]
   [0.88934426 0.91701245 0.93548387]
   ...
   [0.59836066 0.57261411 0.5       ]
   [0.69672131 0.66804979 0.62903226]
   [0.72131148 0.6846473  0.65322581]]

  [[0.91393443 0.93360996 0.95564516]
   [0.90983607 0.93360996 0.95564516]
   [0.92213115 0.94190871 0.96774194]
   ...
   [0.60655738 0.57676349 0.50806452]
   [0.70901639 0.67219917 0.62096774]
   [0.70901639 0.66804979 0.64112903]]]


 [[[0.52156863 0.50588235 0.45882353]
   [0.4745098  0.47843137 0.42745098]
   [0.42352941 0.40392157 0.38039216]
   ...
   [0.64313725 0.6627451  0.57647059]
   [0.65098039 0.6627451  0.56862745]
   [0.56862745 0.60784314 0.50980392]]

  [[0.4745098  0.4745098  0.43921569]
   [0.4        0.40392157 0.37254902]
   [0.36078431 0.3254902  0.34117647]
   ...
   [0.56078431 0.58039216 0.5254902 ]
   [0.54901961 0.56470588 0.50196078]
   [0.50588235 0.5372549  0.4745098 ]]

  [[0.41176471 0.41176471 0.40784314]
   [0.36078431 0.34117647 0.36078431]
   [0.29019608 0.23529412 0.29803922]
   ...
   [0.4627451  0.49019608 0.42745098]
   [0.4745098  0.49803922 0.43137255]
   [0.4627451  0.50196078 0.43529412]]

  ...

  [[0.10980392 0.04705882 0.16078431]
   [0.10980392 0.04705882 0.16078431]
   [0.09411765 0.03137255 0.14509804]
   ...
   [0.18823529 0.09019608 0.31764706]
   [0.18431373 0.07843137 0.31764706]
   [0.18823529 0.07843137 0.32156863]]

  [[0.10588235 0.04313725 0.15686275]
   [0.10588235 0.04313725 0.15686275]
   [0.10196078 0.03921569 0.15294118]
   ...
   [0.2        0.09019608 0.32156863]
   [0.20784314 0.09803922 0.33333333]
   [0.20784314 0.09803922 0.34117647]]

  [[0.09411765 0.03137255 0.14509804]
   [0.09411765 0.03529412 0.14901961]
   [0.10196078 0.03921569 0.15686275]
   ...
   [0.2        0.08235294 0.31764706]
   [0.20392157 0.09803922 0.3372549 ]
   [0.19607843 0.08627451 0.32941176]]]


 ...


 [[[0.36862745 0.20909091 0.10050251]
   [0.29803922 0.25454545 0.11055276]
   [0.31764706 0.21363636 0.0201005 ]
   ...
   [0.61568627 0.07272727 0.27638191]
   [0.59607843 0.07727273 0.28140704]
   [0.58431373 0.07727273 0.27638191]]

  [[0.32941176 0.26363636 0.1758794 ]
   [0.43137255 0.47727273 0.3919598 ]
   [0.25882353 0.22272727 0.07537688]
   ...
   [0.6745098  0.14545455 0.32160804]
   [0.70588235 0.16363636 0.35175879]
   [0.73333333 0.17727273 0.37688442]]

  [[0.4        0.49545455 0.43718593]
   [0.55686275 0.71363636 0.69346734]
   [0.18823529 0.24545455 0.16582915]
   ...
   [0.8745098  0.24545455 0.5678392 ]
   [0.90588235 0.22727273 0.57286432]
   [0.92156863 0.22272727 0.5678392 ]]

  ...

  [[0.18039216 0.50909091 0.07537688]
   [0.18823529 0.50909091 0.06532663]
   [0.18823529 0.5        0.06532663]
   ...
   [0.35686275 0.55909091 0.49246231]
   [0.36470588 0.55       0.48743719]
   [0.37254902 0.55       0.48241206]]

  [[0.17647059 0.50909091 0.07537688]
   [0.19215686 0.50454545 0.06532663]
   [0.2        0.49545455 0.06030151]
   ...
   [0.35686275 0.55454545 0.49246231]
   [0.36470588 0.55       0.49246231]
   [0.37254902 0.55       0.48241206]]

  [[0.17647059 0.50909091 0.07537688]
   [0.19215686 0.50454545 0.06532663]
   [0.19607843 0.49545455 0.06030151]
   ...
   [0.35294118 0.55454545 0.49246231]
   [0.36470588 0.55       0.49748744]
   [0.37254902 0.55       0.48241206]]]


 [[[0.98039216 0.38492063 0.31557377]
   [0.99215686 0.49206349 0.42213115]
   [0.96470588 0.52380952 0.41393443]
   ...
   [0.85098039 0.18650794 0.09836066]
   [0.85098039 0.18650794 0.09836066]
   [0.85098039 0.18650794 0.09836066]]

  [[0.98431373 0.38888889 0.31967213]
   [0.99215686 0.49206349 0.42213115]
   [0.96078431 0.51984127 0.41393443]
   ...
   [0.85098039 0.18650794 0.09836066]
   [0.85098039 0.18650794 0.09836066]
   [0.85098039 0.18650794 0.09836066]]

  [[0.98431373 0.39285714 0.32377049]
   [0.99215686 0.49603175 0.42213115]
   [0.95686275 0.51190476 0.4057377 ]
   ...
   [0.85098039 0.18650794 0.09836066]
   [0.85098039 0.18650794 0.09836066]
   [0.85098039 0.18650794 0.09836066]]

  ...

  [[0.0627451  0.0952381  0.06557377]
   [0.03529412 0.0952381  0.04508197]
   [0.12156863 0.20634921 0.14754098]
   ...
   [0.79215686 0.09126984 0.03278689]
   [0.79607843 0.09126984 0.04098361]
   [0.80392157 0.09920635 0.04508197]]

  [[0.07843137 0.09920635 0.07786885]
   [0.14117647 0.21031746 0.17622951]
   [0.22745098 0.30555556 0.27868852]
   ...
   [0.86666667 0.1468254  0.09016393]
   [0.85882353 0.14285714 0.09016393]
   [0.85490196 0.13492063 0.08606557]]

  [[0.07843137 0.13888889 0.10245902]
   [0.48235294 0.58730159 0.55327869]
   [0.56078431 0.66269841 0.63934426]
   ...
   [0.86666667 0.1468254  0.07786885]
   [0.8627451  0.14285714 0.07786885]
   [0.8627451  0.13888889 0.07786885]]]


 [[[0.23529412 0.18823529 0.05882353]
   [0.21176471 0.2        0.0627451 ]
   [0.16078431 0.15686275 0.02745098]
   ...
   [0.10980392 0.12941176 0.04705882]
   [0.12156863 0.11372549 0.04705882]
   [0.10588235 0.12156863 0.04705882]]

  [[0.21568627 0.2        0.0627451 ]
   [0.21176471 0.21176471 0.07058824]
   [0.16470588 0.15686275 0.01960784]
   ...
   [0.10980392 0.13333333 0.04313725]
   [0.10980392 0.10980392 0.03921569]
   [0.11372549 0.13333333 0.05098039]]

  [[0.18039216 0.19607843 0.05098039]
   [0.19607843 0.20784314 0.05882353]
   [0.18431373 0.18039216 0.03529412]
   ...
   [0.10588235 0.13333333 0.03137255]
   [0.09411765 0.10588235 0.02745098]
   [0.10588235 0.13333333 0.03921569]]

  ...

  [[0.34509804 0.40784314 0.00392157]
   [0.59215686 0.58039216 0.01568627]
   [0.67058824 0.66666667 0.01568627]
   ...
   [0.09019608 0.10980392 0.02352941]
   [0.02352941 0.03529412 0.        ]
   [0.03529412 0.03529412 0.        ]]

  [[0.34901961 0.41568627 0.00392157]
   [0.6        0.58823529 0.01960784]
   [0.67058824 0.66666667 0.01960784]
   ...
   [0.16862745 0.18039216 0.04705882]
   [0.12156863 0.1254902  0.01568627]
   [0.13333333 0.13333333 0.01176471]]

  [[0.35294118 0.41960784 0.00392157]
   [0.60392157 0.58823529 0.01568627]
   [0.6745098  0.67058824 0.01960784]
   ...
   [0.17647059 0.18039216 0.03137255]
   [0.14901961 0.14509804 0.00784314]
   [0.15294118 0.14509804 0.        ]]]]